   91	2014-04-14 08:15:12	1	0	1	0
    6	2014-04-14 10:40:06	1	0	1	0
   92	2014-04-14 10:40:15	1	0	1	0
   92	2014-04-14 10:40:24	1	0	1	0
   79	2014-04-14 10:50:26	1	0	1	0
  107	2014-04-14 11:54:39	1	0	1	0
   79	2014-04-14 12:09:36	1	0	1	0
   88	2014-04-14 12:17:34	1	0	1	0
   88	2014-04-14 12:17:38	1	0	1	0
   91	2014-04-14 12:17:47	1	0	1	0
   79	2014-04-14 13:16:40	1	0	1	0
   66	2014-04-14 14:00:19	1	0	1	0
   18	2014-04-14 14:24:23	1	0	1	0
   34	2014-04-14 14:31:24	1	0	1	0
  114	2014-04-14 14:32:13	1	0	1	0
   54	2014-04-14 14:34:36	1	0	1	0
   46	2014-04-14 14:42:47	1	0	1	0
   52	2014-04-14 14:53:32	1	0	1	0
  109	2014-04-14 14:53:39	1	0	1	0
   86	2014-04-14 15:00:03	1	0	1	0
   61	2014-04-14 15:00:26	1	0	1	0
   79	2014-04-14 15:01:08	1	0	1	0
   19	2014-04-14 15:20:20	1	0	1	0
    3	2014-04-14 15:38:46	1	0	0	0
    4	2014-04-14 15:41:36	1	0	1	0
   78	2014-04-14 15:47:42	1	0	1	0
  108	2014-04-14 16:28:56	1	0	1	0
   17	2014-04-14 16:40:58	1	0	1	0
    1	2014-04-14 16:43:10	1	0	1	0
   29	2014-04-14 16:43:18	1	0	1	0
  104	2014-04-14 17:04:01	1	0	1	0
   73	2014-04-14 17:11:29	1	0	1	0
   14	2014-04-14 17:21:11	1	0	1	0
   88	2014-04-14 17:21:32	1	0	1	0
  103	2014-04-14 17:38:09	1	0	1	0
   87	2014-04-14 17:55:17	1	0	1	0
  121	2014-04-14 17:55:35	1	0	1	0
   56	2014-04-14 17:55:52	1	0	1	0
   69	2014-04-14 18:15:22	1	0	1	0
   22	2014-04-14 18:26:35	1	0	1	0
   33	2014-04-14 18:26:42	1	0	1	0
  111	2014-04-14 18:27:35	1	0	1	0
  111	2014-04-14 18:27:38	1	0	1	0
   81	2014-04-14 18:54:53	1	0	1	0
  110	2014-04-14 18:54:58	1	0	1	0
   83	2014-04-14 18:55:03	1	0	1	0
   88	2014-04-15 05:44:14	1	0	1	0
   14	2014-04-15 06:24:42	1	0	1	0
   19	2014-04-15 06:26:39	1	0	1	0
   83	2014-04-15 06:52:45	1	0	1	0
   79	2014-04-15 06:55:16	1	0	1	0
   79	2014-04-09 06:55:28	1	0	1	0
   79	2014-04-10 06:55:37	1	0	1	0
   79	2014-04-11 06:56:01	1	0	1	0
   75	2014-04-15 07:08:48	1	0	1	0
   43	2014-04-15 07:12:07	1	0	1	0
   20	2014-04-15 07:18:11	1	0	1	0
   18	2014-04-15 07:19:10	1	0	1	0
  110	2014-04-15 07:22:54	1	0	1	0
   81	2014-04-15 07:23:18	1	0	1	0
   55	2014-04-15 07:35:37	1	0	1	0
   23	2014-04-15 07:35:55	1	0	0	0
   86	2014-04-15 07:45:11	1	0	1	0
  121	2014-04-15 07:47:27	1	0	1	0
   47	2014-04-15 07:53:14	1	0	1	0
   49	2014-04-15 08:02:38	1	0	1	0
   21	2014-04-15 08:02:44	1	0	1	0
   21	2014-04-15 08:05:50	1	0	1	0
   82	2014-04-15 08:09:00	1	0	1	0
   35	2014-04-15 08:18:08	1	0	1	0
   61	2014-04-15 08:22:31	1	0	1	0
  104	2014-04-15 08:22:40	1	0	1	0
   41	2014-04-15 08:31:20	1	0	1	0
   91	2014-04-15 08:34:39	1	0	1	0
   87	2014-04-15 08:37:13	1	0	1	0
  113	2014-04-15 08:41:35	1	0	1	0
   66	2014-04-15 08:42:17	1	0	1	0
   56	2014-04-15 08:48:13	1	0	1	0
   24	2014-04-15 08:48:32	1	0	1	0
   70	2014-04-15 08:50:51	1	0	1	0
  107	2014-04-15 08:51:01	1	0	1	0
   89	2014-04-15 08:53:33	1	0	1	0
   50	2014-04-15 08:53:39	1	0	1	0
   93	2014-04-15 09:00:33	1	0	1	0
  114	2014-04-15 09:01:31	1	0	1	0
   77	2014-04-15 09:02:19	1	0	0	0
   69	2014-04-15 09:04:17	1	0	1	0
   84	2014-04-15 09:06:05	1	0	1	0
   29	2014-04-15 09:12:27	1	0	1	0
   71	2014-04-15 09:12:36	1	0	1	0
    3	2014-04-15 09:28:43	1	0	0	0
    4	2014-04-15 09:29:48	1	0	1	0
   48	2014-04-15 09:53:15	1	0	1	0
  106	2014-04-15 10:02:10	1	0	1	0
   17	2014-04-15 10:14:04	1	0	1	0
   92	2014-04-15 10:28:49	1	0	1	0
   44	2014-04-15 10:44:23	1	0	1	0
   60	2014-04-15 12:02:56	1	0	1	0
   73	2014-04-15 12:23:05	1	0	1	0
  107	2014-04-15 13:13:56	1	0	1	0
   70	2014-04-15 13:28:24	1	0	1	0
   66	2014-04-15 13:33:14	1	0	1	0
   91	2014-04-15 13:33:42	1	0	1	0
   18	2014-04-15 14:25:12	1	0	1	0
   35	2014-04-15 14:35:28	1	0	1	0
  104	2014-04-15 14:51:21	1	0	1	0
   86	2014-04-15 15:00:03	1	0	1	0
   77	2014-04-15 15:00:27	1	0	0	0
   68	2014-04-15 15:02:35	1	0	1	0
   75	2014-04-15 15:02:41	1	0	1	0
    4	2014-04-15 15:04:39	1	0	1	0
   82	2014-04-15 15:06:28	1	0	1	0
   83	2014-04-15 15:07:31	1	0	1	0
    3	2014-04-15 15:10:02	1	0	0	0
   49	2014-04-15 15:10:07	1	0	1	0
   61	2014-04-15 15:13:07	1	0	1	0
   50	2014-04-15 15:15:49	1	0	1	0
  113	2014-04-15 15:22:47	1	0	1	0
  114	2014-04-15 15:22:57	1	0	1	0
   56	2014-04-15 15:23:01	1	0	1	0
   71	2014-04-15 15:23:11	1	0	1	0
   71	2014-04-15 15:23:14	1	0	1	0
   87	2014-04-15 15:25:10	1	0	1	0
  121	2014-04-15 16:19:59	1	0	1	0
   17	2014-04-15 16:45:18	1	0	1	0
   44	2014-04-15 16:59:21	1	0	1	0
   29	2014-04-15 16:59:55	1	0	1	0
   60	2014-04-15 17:36:57	1	0	1	0
   84	2014-04-15 17:44:13	1	0	1	0
   43	2014-04-15 18:12:22	1	0	1	0
   69	2014-04-15 20:30:57	1	0	1	0
  110	2014-04-15 20:31:10	1	0	1	0
   81	2014-04-15 20:36:10	1	0	1	0
   88	2014-04-15 21:49:25	1	0	1	0
   88	2014-04-16 06:16:08	1	0	1	0
   14	2014-04-16 06:32:40	1	0	1	0
   60	2014-04-16 06:46:11	1	0	1	0
   18	2014-04-16 07:18:43	1	0	1	0
   83	2014-04-16 07:20:08	1	0	1	0
   43	2014-04-16 07:20:52	1	0	1	0
   13	2014-04-16 07:27:06	1	0	1	0
   29	2014-04-16 07:40:30	1	0	1	0
   86	2014-04-16 07:51:42	1	0	1	0
  105	2014-04-16 07:51:46	1	0	1	0
   81	2014-04-16 07:53:54	1	0	1	0
   79	2014-04-16 07:56:22	1	0	1	0
  121	2014-04-16 08:15:33	1	0	1	0
   70	2014-04-16 08:22:47	1	0	1	0
   20	2014-04-16 08:34:29	1	0	1	0
   23	2014-04-16 08:38:28	1	0	0	0
   41	2014-04-16 08:48:25	1	0	1	0
   49	2014-04-16 08:49:15	1	0	1	0
   56	2014-04-16 08:51:36	1	0	1	0
   47	2014-04-16 09:05:30	1	0	1	0
  108	2014-04-16 09:06:12	1	0	1	0
   61	2014-04-16 09:18:54	1	0	1	0
   19	2014-04-16 09:26:27	1	0	1	0
  110	2014-04-16 09:26:52	1	0	1	0
  109	2014-04-16 09:30:41	1	0	1	0
    3	2014-04-16 10:18:02	1	0	0	0
    4	2014-04-16 10:19:10	1	0	1	0
   69	2014-04-16 10:43:16	1	0	1	0
   46	2014-04-16 10:58:01	1	0	1	0
   84	2014-04-16 11:09:41	1	0	1	0
   24	2014-04-16 11:36:09	1	0	1	0
   75	2014-04-16 11:39:27	1	0	1	0
   92	2014-04-16 12:17:13	1	0	1	0
   19	2014-04-16 14:29:43	1	0	1	0
   18	2014-04-16 14:29:48	1	0	1	0
   61	2014-04-16 14:43:15	1	0	1	0
   92	2014-04-16 14:49:41	1	0	1	0
   81	2014-04-16 15:11:23	1	0	1	0
  110	2014-04-16 15:11:31	1	0	1	0
   83	2014-04-16 15:11:38	1	0	1	0
   46	2014-04-16 15:14:48	1	0	1	0
  108	2014-04-16 15:20:16	1	0	1	0
   86	2014-04-16 15:21:53	1	0	1	0
   72	2014-04-16 15:28:11	1	0	1	0
   78	2014-04-16 15:38:39	1	0	1	0
   52	2014-04-16 15:38:51	1	0	1	0
  109	2014-04-16 15:44:24	1	0	1	0
   88	2014-04-16 15:55:13	1	0	1	0
   76	2014-04-16 16:24:58	1	0	1	0
   87	2014-04-16 16:44:42	1	0	1	0
   60	2014-04-16 16:46:58	1	0	1	0
   75	2014-04-16 17:02:57	1	0	1	0
   29	2014-04-16 17:35:51	1	0	1	0
   69	2014-04-16 17:57:20	1	0	1	0
   78	2014-04-17 07:02:12	1	0	1	0
   43	2014-04-17 07:02:19	1	0	1	0
   48	2014-04-17 07:04:12	1	0	1	0
   88	2014-04-17 07:04:37	1	0	1	0
   18	2014-04-17 07:12:38	1	0	1	0
   54	2014-04-17 07:12:49	1	0	1	0
   83	2014-04-17 07:21:48	1	0	1	0
   21	2014-04-17 07:23:59	1	0	1	0
   19	2014-04-17 07:28:00	1	0	1	0
  110	2014-04-17 07:42:27	1	0	1	0
   86	2014-04-17 07:45:23	1	0	1	0
   81	2014-04-17 07:48:42	1	0	1	0
  105	2014-04-17 07:51:16	1	0	1	0
   82	2014-04-17 07:59:37	1	0	1	0
   66	2014-04-17 08:03:12	1	0	1	0
   35	2014-04-17 08:09:33	1	0	1	0
   24	2014-04-17 08:13:38	1	0	1	0
    6	2014-04-17 08:21:43	1	0	1	0
   69	2014-04-17 08:22:31	1	0	1	0
   91	2014-04-17 08:22:40	1	0	1	0
   29	2014-04-17 08:26:28	1	0	1	0
   73	2014-04-17 08:29:21	1	0	1	0
   50	2014-04-17 08:29:55	1	0	1	0
   77	2014-04-17 08:34:54	1	0	0	0
   41	2014-04-17 08:35:38	1	0	1	0
   87	2014-04-17 08:38:30	1	0	1	0
  121	2014-04-17 08:40:26	1	0	1	0
  113	2014-04-17 08:46:50	1	0	1	0
  114	2014-04-17 08:52:37	1	0	1	0
   17	2014-04-17 08:54:49	1	0	1	0
   71	2014-04-17 08:56:03	1	0	1	0
    4	2014-04-17 08:59:12	1	0	1	0
   34	2014-04-17 09:01:15	1	0	1	0
   49	2014-04-17 09:10:09	1	0	1	0
   20	2014-04-17 09:12:32	1	0	1	0
  109	2014-04-17 09:21:41	1	0	1	0
   14	2014-04-17 09:29:21	1	0	1	0
   72	2014-04-17 09:36:05	1	0	1	0
   56	2014-04-17 09:42:39	1	0	1	0
    3	2014-04-17 09:45:05	1	0	0	0
   58	2014-04-17 09:49:28	1	0	1	0
   84	2014-04-17 09:50:05	1	0	1	0
   92	2014-04-17 09:55:18	1	0	1	0
   46	2014-04-17 10:03:07	1	0	1	0
  106	2014-04-17 10:06:36	1	0	1	0
   26	2014-04-17 10:07:35	1	0	1	0
   60	2014-04-17 10:18:35	1	0	1	0
   44	2014-04-17 11:22:37	1	0	1	0
   18	2014-04-17 11:56:46	1	0	1	0
   54	2014-04-17 13:02:52	1	0	1	0
   91	2014-04-17 13:09:03	1	0	1	0
   83	2014-04-17 14:39:59	1	0	1	0
  113	2014-04-17 14:51:20	1	0	1	0
   58	2014-04-17 14:54:34	1	0	1	0
    3	2014-04-17 14:55:19	1	0	0	0
   75	2014-04-17 15:00:58	1	0	1	0
   77	2014-04-17 15:01:30	1	0	0	0
    4	2014-04-17 15:01:55	1	0	1	0
   82	2014-04-17 15:03:06	1	0	1	0
   78	2014-04-17 15:04:59	1	0	1	0
   52	2014-04-17 15:05:06	1	0	1	0
   73	2014-04-17 15:05:53	1	0	1	0
   44	2014-04-17 15:06:11	1	0	1	0
   50	2014-04-17 15:10:48	1	0	1	0
   87	2014-04-17 15:16:55	1	0	1	0
  105	2014-04-17 15:17:45	1	0	1	0
   60	2014-04-17 15:22:49	1	0	1	0
   86	2014-04-17 15:24:02	1	0	1	0
   46	2014-04-17 15:36:18	1	0	1	0
  109	2014-04-17 15:36:46	1	0	1	0
   68	2014-04-17 16:03:36	1	0	1	0
   81	2014-04-17 16:25:53	1	0	1	0
  110	2014-04-17 16:27:22	1	0	1	0
   43	2014-04-17 16:45:24	1	0	1	0
   23	2014-04-17 17:21:08	1	0	0	0
   71	2014-04-17 17:51:31	1	0	1	0
   71	2014-04-17 17:51:34	1	0	1	0
   56	2014-04-17 17:51:37	1	0	1	0
  114	2014-04-17 17:51:47	1	0	1	0
  121	2014-04-17 17:52:50	1	0	1	0
   29	2014-04-17 17:55:02	1	0	1	0
   17	2014-04-17 17:55:57	1	0	1	0
   88	2014-04-17 17:58:37	1	0	1	0
   75	2014-04-17 18:25:36	1	0	1	0
   60	2014-04-22 06:33:31	1	0	1	0
   78	2014-04-22 06:34:32	1	0	1	0
   48	2014-04-22 06:38:09	1	0	1	0
   88	2014-04-22 06:41:07	1	0	1	0
   79	2014-04-22 06:51:41	1	0	1	0
   47	2014-04-22 06:55:31	1	0	1	0
   61	2014-04-22 06:57:45	1	0	1	0
   83	2014-04-22 07:00:02	1	0	1	0
   43	2014-04-22 07:10:03	1	0	1	0
   19	2014-04-22 07:11:48	1	0	1	0
   76	2014-04-22 07:14:37	1	0	1	0
   75	2014-04-22 07:20:50	1	0	1	0
   18	2014-04-22 07:23:13	1	0	1	0
   86	2014-04-22 07:23:26	1	0	1	0
  107	2014-04-22 07:25:53	1	0	1	0
   54	2014-04-22 07:29:31	1	0	1	0
   21	2014-04-22 07:30:30	1	0	1	0
   21	2014-04-22 07:31:20	1	0	1	0
   84	2014-04-22 07:32:48	1	0	1	0
   81	2014-04-22 07:37:12	1	0	1	0
  103	2014-04-22 07:40:33	1	0	1	0
   20	2014-04-22 07:50:00	1	0	1	0
  101	2014-04-22 07:50:55	1	0	1	0
  121	2014-04-22 07:54:38	1	0	1	0
   24	2014-04-22 07:56:31	1	0	1	0
  110	2014-04-22 07:57:55	1	0	1	0
   74	2014-04-22 07:59:00	1	0	1	0
   82	2014-04-22 08:02:20	1	0	1	0
   91	2014-04-22 08:02:54	1	0	1	0
    6	2014-04-22 08:03:08	1	0	1	0
    6	2014-04-22 08:03:11	1	0	1	0
   71	2014-04-22 08:03:24	1	0	1	0
  105	2014-04-22 08:03:29	1	0	1	0
   69	2014-04-22 08:05:08	1	0	1	0
   41	2014-04-22 08:10:03	1	0	1	0
   35	2014-04-22 08:13:38	1	0	1	0
   98	2014-04-22 08:17:12	1	0	1	0
   77	2014-04-22 08:21:20	1	0	0	0
   72	2014-04-22 08:21:28	1	0	1	0
   29	2014-04-22 08:22:03	1	0	1	0
  104	2014-04-22 08:24:38	1	0	1	0
   70	2014-04-22 08:29:02	1	0	1	0
    1	2014-04-22 08:31:45	1	0	1	0
    4	2014-04-22 08:32:28	1	0	1	0
   14	2014-04-22 08:33:51	1	0	1	0
   51	2014-04-22 08:35:03	1	0	1	0
   50	2014-04-22 08:35:26	1	0	1	0
   52	2014-04-22 08:35:45	1	0	1	0
   87	2014-04-22 08:38:16	1	0	1	0
  113	2014-04-22 08:45:16	1	0	1	0
   44	2014-04-22 08:52:53	1	0	1	0
   55	2014-04-22 08:54:21	1	0	1	0
  114	2014-04-22 08:54:40	1	0	1	0
   17	2014-04-22 09:03:18	1	0	1	0
   56	2014-04-22 09:03:48	1	0	1	0
  108	2014-04-22 09:04:47	1	0	1	0
  106	2014-04-22 09:04:53	1	0	1	0
   46	2014-04-22 09:06:24	1	0	1	0
  111	2014-04-22 09:07:02	1	0	1	0
   34	2014-04-22 09:27:33	1	0	1	0
   92	2014-04-22 09:33:54	1	0	1	0
   58	2014-04-22 10:45:10	1	0	1	0
  109	2014-04-22 10:46:32	1	0	1	0
   66	2014-04-22 10:52:58	1	0	1	0
   91	2014-04-22 13:01:28	1	0	1	0
   54	2014-04-22 14:00:24	1	0	1	0
   18	2014-04-22 14:26:15	1	0	1	0
  107	2014-04-22 14:26:18	1	0	1	0
  109	2014-04-22 14:26:31	1	0	1	0
  104	2014-04-22 14:26:35	1	0	1	0
   34	2014-04-22 14:27:30	1	0	1	0
   20	2014-04-22 14:28:00	1	0	1	0
   35	2014-04-22 14:41:32	1	0	1	0
   19	2014-04-22 14:50:07	1	0	1	0
   48	2014-04-22 14:56:54	1	0	1	0
   75	2014-04-22 14:58:00	1	0	1	0
   83	2014-04-22 15:01:39	1	0	1	0
   52	2014-04-22 15:03:07	1	0	1	0
   79	2014-04-22 15:05:26	1	0	1	0
   50	2014-04-22 15:10:27	1	0	1	0
   77	2014-04-22 15:11:05	1	0	0	0
    3	2014-04-22 15:11:13	1	0	0	0
   72	2014-04-22 15:20:48	1	0	1	0
  101	2014-04-22 15:31:16	1	0	1	0
  113	2014-04-22 15:31:22	1	0	1	0
  105	2014-04-22 15:31:33	1	0	1	0
   44	2014-04-22 15:31:39	1	0	1	0
   86	2014-04-22 15:31:51	1	0	1	0
  106	2014-04-22 15:34:41	1	0	1	0
   76	2014-04-22 15:44:05	1	0	1	0
   46	2014-04-22 15:50:24	1	0	1	0
   87	2014-04-22 16:22:26	1	0	1	0
   60	2014-04-22 16:25:01	1	0	1	0
  103	2014-04-22 16:37:38	1	0	1	0
  111	2014-04-22 16:57:10	1	0	1	0
   14	2014-04-22 17:03:56	1	0	1	0
   81	2014-04-22 17:12:01	1	0	1	0
   61	2014-04-22 17:27:20	1	0	1	0
  110	2014-04-22 17:27:29	1	0	1	0
   68	2014-04-22 17:27:47	1	0	1	0
   56	2014-04-22 17:38:11	1	0	1	0
  114	2014-04-22 17:43:39	1	0	1	0
   71	2014-04-22 17:43:44	1	0	1	0
   71	2014-04-22 17:43:46	1	0	1	0
   29	2014-04-22 17:43:53	1	0	1	0
  121	2014-04-22 17:44:38	1	0	1	0
   43	2014-04-22 17:56:12	1	0	1	0
    1	2014-04-22 18:01:05	1	0	1	0
   17	2014-04-22 18:02:30	1	0	1	0
   84	2014-04-22 18:08:41	1	0	1	0
   88	2014-04-22 18:13:56	1	0	1	0
   88	2014-04-23 06:31:51	1	0	1	0
   47	2014-04-23 06:46:53	1	0	1	0
   61	2014-04-23 06:48:14	1	0	1	0
   75	2014-04-23 07:01:28	1	0	1	0
   19	2014-04-23 07:10:24	1	0	1	0
   70	2014-04-23 07:10:43	1	0	1	0
   18	2014-04-23 07:14:00	1	0	1	0
   22	2014-04-23 07:14:07	1	0	1	0
   79	2014-04-23 07:14:49	1	0	1	0
   87	2014-04-23 07:14:54	1	0	1	0
   43	2014-04-23 07:16:22	1	0	1	0
   60	2014-04-23 07:16:28	1	0	1	0
   83	2014-04-23 07:16:33	1	0	1	0
   48	2014-04-23 07:18:23	1	0	1	0
   69	2014-04-23 07:18:55	1	0	1	0
   33	2014-04-23 07:20:28	1	0	1	0
   51	2014-04-23 07:23:00	1	0	1	0
   72	2014-04-23 07:25:46	1	0	1	0
   56	2014-04-23 07:25:52	1	0	1	0
   35	2014-04-23 07:28:06	1	0	1	0
   81	2014-04-23 07:28:25	1	0	1	0
   49	2014-04-23 07:31:50	1	0	1	0
   84	2014-04-23 07:33:16	1	0	1	0
   14	2014-04-23 07:36:52	1	0	1	0
   78	2014-04-23 07:37:03	1	0	1	0
   86	2014-04-23 07:37:42	1	0	1	0
  111	2014-04-23 07:43:53	1	0	1	0
  104	2014-04-23 07:44:22	1	0	1	0
   71	2014-04-23 07:45:21	1	0	1	0
   71	2014-04-23 07:45:24	1	0	1	0
   91	2014-04-23 07:47:20	1	0	1	0
  114	2014-04-23 07:48:13	1	0	1	0
  105	2014-04-23 07:50:03	1	0	1	0
   82	2014-04-23 07:58:33	1	0	1	0
   20	2014-04-23 08:01:14	1	0	1	0
  101	2014-04-23 08:03:51	1	0	1	0
  113	2014-04-23 08:03:54	1	0	1	0
  107	2014-04-23 08:05:16	1	0	1	0
   98	2014-04-23 08:05:22	1	0	1	0
  121	2014-04-23 08:10:55	1	0	1	0
  103	2014-04-23 08:14:22	1	0	1	0
   17	2014-04-23 08:16:06	1	0	1	0
   24	2014-04-23 08:16:22	1	0	1	0
   21	2014-04-23 08:18:06	1	0	1	0
   89	2014-04-23 08:20:18	1	0	1	0
   55	2014-04-23 08:21:24	1	0	1	0
    4	2014-04-23 08:24:17	1	0	1	0
   34	2014-04-23 08:24:59	1	0	1	0
   41	2014-04-23 08:29:51	1	0	1	0
   29	2014-04-23 08:31:43	1	0	1	0
   58	2014-04-23 08:32:25	1	0	1	0
  110	2014-04-23 08:33:57	1	0	1	0
   50	2014-04-23 08:44:09	1	0	1	0
   77	2014-04-23 08:52:19	1	0	0	0
   46	2014-04-23 09:20:34	1	0	1	0
   52	2014-04-23 09:20:53	1	0	1	0
   62	2014-04-23 09:24:24	1	0	1	0
  108	2014-04-23 09:28:17	1	0	1	0
   74	2014-04-23 09:32:18	1	0	1	0
   94	2014-04-23 09:35:05	1	0	1	0
    8	2014-04-23 09:50:23	1	0	1	0
   92	2014-04-23 10:21:12	1	0	1	0
   66	2014-04-23 11:02:58	1	0	1	0
   26	2014-04-23 11:09:08	1	0	1	0
  104	2014-04-23 11:47:11	1	0	1	0
   76	2014-04-23 13:24:52	1	0	1	0
    8	2014-04-23 13:34:48	1	0	1	0
   14	2014-04-23 13:59:00	1	0	1	0
   91	2014-04-23 14:07:32	1	0	1	0
   66	2014-04-23 14:09:30	1	0	1	0
   50	2014-04-23 14:10:18	1	0	1	0
   35	2014-04-23 14:14:45	1	0	1	0
   49	2014-04-23 14:16:06	1	0	1	0
   26	2014-04-23 14:30:13	1	0	1	0
   47	2014-04-23 14:30:25	1	0	1	0
   34	2014-04-23 14:30:29	1	0	1	0
   93	2014-04-23 14:30:33	1	0	1	0
   22	2014-04-23 14:30:36	1	0	1	0
   18	2014-04-23 14:30:44	1	0	1	0
   18	2014-04-23 14:30:47	1	0	1	0
   33	2014-04-23 14:30:51	1	0	1	0
   52	2014-04-23 14:52:16	1	0	1	0
   70	2014-04-23 15:09:09	1	0	1	0
   61	2014-04-23 15:09:16	1	0	1	0
  105	2014-04-23 15:14:50	1	0	1	0
  113	2014-04-23 15:15:00	1	0	1	0
  101	2014-04-23 15:15:38	1	0	1	0
   86	2014-04-23 15:36:17	1	0	1	0
   82	2014-04-23 15:37:30	1	0	1	0
   46	2014-04-23 15:42:12	1	0	1	0
   83	2014-04-23 15:42:26	1	0	1	0
  102	2014-04-23 16:19:20	1	0	1	0
  102	2014-04-23 16:19:30	1	0	1	0
    4	2014-04-23 16:23:50	1	0	1	0
   62	2014-04-23 16:32:12	1	0	1	0
  108	2014-04-23 16:50:21	1	0	1	0
  103	2014-04-23 17:02:10	1	0	1	0
   78	2014-04-23 17:02:38	1	0	1	0
   73	2014-04-23 17:02:57	1	0	1	0
  111	2014-04-23 17:53:28	1	0	1	0
  111	2014-04-23 17:53:30	1	0	1	0
   87	2014-04-23 18:06:47	1	0	1	0
   43	2014-04-23 18:15:59	1	0	1	0
   81	2014-04-23 18:17:21	1	0	1	0
  110	2014-04-23 18:17:28	1	0	1	0
   60	2014-04-23 18:19:38	1	0	1	0
  114	2014-04-23 18:29:36	1	0	1	0
   71	2014-04-23 18:29:43	1	0	1	0
   29	2014-04-23 18:29:59	1	0	1	0
   17	2014-04-23 18:30:12	1	0	1	0
  121	2014-04-23 18:30:27	1	0	1	0
   56	2014-04-23 18:30:37	1	0	1	0
   69	2014-04-23 18:43:26	1	0	1	0
   88	2014-04-23 19:14:11	1	0	1	0
   84	2014-04-23 19:49:19	1	0	1	0
   75	2014-04-23 19:50:45	1	0	1	0
   60	2014-04-24 07:13:07	1	0	1	0
   19	2014-04-24 07:13:12	1	0	1	0
   70	2014-04-24 07:18:26	1	0	1	0
   20	2014-04-24 07:18:41	1	0	1	0
  110	2014-04-24 07:19:09	1	0	1	0
   88	2014-04-24 07:19:16	1	0	1	0
   22	2014-04-24 07:20:09	1	0	1	0
   18	2014-04-24 07:20:26	1	0	1	0
   83	2014-04-24 07:22:33	1	0	1	0
   43	2014-04-24 07:30:21	1	0	1	0
   81	2014-04-24 07:35:23	1	0	1	0
   86	2014-04-24 07:44:52	1	0	1	0
  103	2014-04-24 07:45:33	1	0	1	0
   69	2014-04-24 07:51:00	1	0	1	0
   21	2014-04-24 07:54:53	1	0	1	0
   47	2014-04-24 07:57:22	1	0	1	0
   82	2014-04-24 08:10:02	1	0	1	0
   33	2014-04-24 08:11:08	1	0	1	0
   84	2014-04-24 08:11:59	1	0	1	0
  111	2014-04-24 08:14:14	1	0	1	0
  105	2014-04-24 08:18:28	1	0	1	0
   41	2014-04-24 08:25:30	1	0	1	0
   35	2014-04-24 08:27:14	1	0	1	0
  104	2014-04-24 08:37:22	1	0	1	0
  121	2014-04-24 08:37:40	1	0	1	0
   89	2014-04-24 08:41:33	1	0	1	0
   77	2014-04-24 08:43:10	1	0	0	0
   54	2014-04-24 08:43:34	1	0	1	0
  114	2014-04-24 08:44:08	1	0	1	0
    6	2014-04-24 08:53:59	1	0	1	0
    6	2014-04-24 08:54:13	1	0	1	0
   91	2014-04-24 08:55:56	1	0	1	0
   92	2014-04-24 08:58:49	1	0	1	0
  101	2014-04-24 08:59:51	1	0	1	0
   72	2014-04-24 09:03:55	1	0	1	0
    4	2014-04-24 09:11:19	1	0	1	0
  109	2014-04-24 09:11:27	1	0	1	0
   71	2014-04-24 09:16:01	1	0	1	0
   17	2014-04-24 09:16:10	1	0	1	0
  113	2014-04-24 09:16:29	1	0	1	0
   71	2014-04-24 09:18:05	1	0	1	0
   29	2014-04-24 09:22:17	1	0	1	0
   50	2014-04-24 09:34:08	1	0	1	0
   93	2014-04-24 09:35:32	1	0	1	0
   14	2014-04-24 09:39:51	1	0	1	0
  102	2014-04-24 09:45:53	1	0	1	0
   94	2014-04-24 09:50:38	1	0	1	0
  108	2014-04-24 09:51:27	1	0	1	0
   34	2014-04-24 09:52:48	1	0	1	0
   75	2014-04-24 09:56:20	1	0	1	0
   76	2014-04-24 09:57:52	1	0	1	0
   62	2014-04-24 10:20:18	1	0	1	0
   66	2014-04-24 10:25:22	1	0	1	0
   46	2014-04-24 10:28:30	1	0	1	0
   78	2014-04-24 10:28:36	1	0	1	0
   74	2014-04-24 10:34:00	1	0	1	0
   76	2014-04-24 13:47:48	1	0	1	0
   47	2014-04-24 14:22:32	1	0	1	0
   22	2014-04-24 14:22:44	1	0	1	0
   33	2014-04-24 14:22:47	1	0	1	0
  101	2014-04-24 14:25:14	1	0	1	0
  113	2014-04-24 14:25:19	1	0	1	0
  105	2014-04-24 14:25:23	1	0	1	0
  104	2014-04-24 14:25:29	1	0	1	0
   18	2014-04-24 14:30:43	1	0	1	0
   34	2014-04-24 14:31:49	1	0	1	0
   35	2014-04-24 14:38:30	1	0	1	0
   14	2014-04-24 14:39:10	1	0	1	0
   77	2014-04-24 15:04:41	1	0	0	0
   50	2014-04-24 15:05:21	1	0	1	0
   19	2014-04-24 15:11:41	1	0	1	0
   66	2014-04-24 15:21:45	1	0	1	0
   52	2014-04-24 15:24:56	1	0	1	0
  102	2014-04-24 15:25:22	1	0	1	0
   73	2014-04-24 15:25:31	1	0	1	0
   82	2014-04-24 15:34:21	1	0	1	0
  109	2014-04-24 15:34:59	1	0	1	0
   86	2014-04-24 15:36:13	1	0	1	0
   46	2014-04-24 15:39:33	1	0	1	0
   62	2014-04-24 15:43:22	1	0	1	0
  108	2014-04-24 15:54:38	1	0	1	0
   72	2014-04-24 16:08:35	1	0	1	0
    4	2014-04-24 16:14:23	1	0	1	0
   17	2014-04-24 16:21:11	1	0	1	0
  114	2014-04-24 16:21:24	1	0	1	0
   71	2014-04-24 16:21:30	1	0	1	0
   29	2014-04-24 16:21:40	1	0	1	0
   88	2014-04-24 17:09:10	1	0	1	0
  103	2014-04-24 17:22:21	1	0	1	0
   83	2014-04-24 17:42:20	1	0	1	0
   81	2014-04-24 17:46:02	1	0	1	0
  110	2014-04-24 17:46:14	1	0	1	0
   88	2014-04-24 17:47:22	1	0	1	0
   84	2014-04-24 17:47:27	1	0	1	0
   60	2014-04-24 17:53:32	1	0	1	0
   88	2014-04-24 17:53:46	1	0	1	0
   43	2014-04-24 18:02:36	1	0	1	0
   66	2014-04-25 06:00:46	1	0	1	0
   88	2014-04-25 06:05:03	1	0	1	0
   88	2014-04-25 06:05:12	1	0	1	0
   43	2014-04-25 06:58:32	1	0	1	0
   20	2014-04-25 06:59:09	1	0	1	0
   48	2014-04-25 07:01:50	1	0	1	0
  103	2014-04-25 07:03:09	1	0	1	0
   18	2014-04-25 07:14:26	1	0	1	0
   22	2014-04-25 07:14:42	1	0	1	0
   33	2014-04-25 07:15:44	1	0	1	0
   13	2014-04-25 07:16:01	1	0	1	0
   19	2014-04-25 07:18:36	1	0	1	0
    4	2014-04-25 07:21:35	1	0	1	0
    3	2014-04-25 07:22:26	1	0	0	0
   83	2014-04-25 07:23:23	1	0	1	0
   41	2014-04-25 07:24:29	1	0	1	0
   49	2014-04-25 07:28:01	1	0	1	0
   61	2014-04-25 07:28:36	1	0	1	0
   86	2014-04-25 07:28:47	1	0	1	0
  110	2014-04-25 07:29:50	1	0	1	0
   55	2014-04-25 07:30:38	1	0	1	0
   72	2014-04-25 07:39:36	1	0	1	0
   81	2014-04-25 07:45:15	1	0	1	0
  109	2014-04-25 07:48:50	1	0	1	0
   21	2014-04-25 08:01:32	1	0	1	0
   21	2014-04-25 08:01:35	1	0	1	0
   82	2014-04-25 08:08:26	1	0	1	0
   77	2014-04-25 08:09:11	1	0	0	0
  105	2014-04-25 08:09:18	1	0	1	0
  108	2014-04-25 08:13:06	1	0	1	0
   69	2014-04-25 08:19:56	1	0	1	0
  111	2014-04-25 08:24:21	1	0	1	0
   35	2014-04-25 08:34:08	1	0	1	0
   74	2014-04-25 08:43:07	1	0	1	0
   51	2014-04-25 08:43:17	1	0	1	0
   29	2014-04-25 08:45:32	1	0	1	0
   50	2014-04-25 08:53:31	1	0	1	0
   17	2014-04-25 08:54:25	1	0	1	0
   71	2014-04-25 09:03:26	1	0	1	0
  101	2014-04-25 09:03:31	1	0	1	0
  113	2014-04-25 09:12:55	1	0	1	0
   23	2014-04-25 09:17:31	1	0	0	0
   70	2014-04-25 09:21:14	1	0	1	0
   84	2014-04-25 09:24:36	1	0	1	0
   93	2014-04-25 09:28:02	1	0	1	0
   75	2014-04-25 09:54:30	1	0	1	0
   98	2014-04-25 09:54:37	1	0	1	0
   89	2014-04-25 10:04:07	1	0	1	0
   89	2014-04-25 10:04:10	1	0	1	0
   34	2014-04-25 10:07:14	1	0	1	0
   54	2014-04-25 10:08:36	1	0	1	0
   92	2014-04-25 10:11:48	1	0	1	0
   62	2014-04-25 10:13:44	1	0	1	0
   46	2014-04-25 10:23:14	1	0	1	0
   78	2014-04-25 10:30:52	1	0	1	0
   68	2014-04-25 10:45:41	1	0	1	0
   58	2014-04-25 11:39:30	1	0	1	0
   76	2014-04-25 12:09:32	1	0	1	0
   52	2014-04-25 12:33:44	1	0	1	0
   48	2014-04-25 13:32:13	1	0	1	0
   75	2014-04-25 13:44:07	1	0	1	0
   20	2014-04-25 14:00:28	1	0	1	0
   50	2014-04-25 14:13:22	1	0	1	0
   60	2014-04-25 14:17:52	1	0	1	0
   33	2014-04-25 14:29:51	1	0	1	0
   22	2014-04-25 14:30:18	1	0	1	0
   18	2014-04-25 14:31:07	1	0	1	0
   34	2014-04-25 14:32:58	1	0	1	0
   71	2014-04-25 14:38:35	1	0	1	0
   51	2014-04-25 14:38:43	1	0	1	0
   72	2014-04-25 14:42:07	1	0	1	0
   35	2014-04-25 14:45:08	1	0	1	0
   46	2014-04-25 14:46:28	1	0	1	0
  108	2014-04-25 14:47:39	1	0	1	0
   70	2014-04-25 14:48:39	1	0	1	0
   68	2014-04-25 14:49:01	1	0	1	0
   19	2014-04-25 14:56:01	1	0	1	0
   83	2014-04-25 14:58:52	1	0	1	0
   82	2014-04-25 15:00:12	1	0	1	0
   62	2014-04-25 15:07:18	1	0	1	0
   17	2014-04-25 15:07:40	1	0	1	0
   29	2014-04-25 15:11:20	1	0	1	0
   61	2014-04-25 15:16:10	1	0	1	0
   76	2014-04-25 15:17:52	1	0	1	0
    4	2014-04-25 15:23:00	1	0	1	0
   86	2014-04-25 15:30:13	1	0	1	0
  109	2014-04-25 15:37:46	1	0	1	0
   78	2014-04-25 16:24:55	1	0	1	0
   52	2014-04-25 16:27:39	1	0	1	0
   73	2014-04-25 16:27:51	1	0	1	0
  110	2014-04-25 16:33:09	1	0	1	0
  102	2014-04-25 16:42:34	1	0	1	0
   48	2014-04-25 16:55:27	1	0	1	0
   81	2014-04-25 16:55:56	1	0	1	0
  101	2014-04-25 17:01:20	1	0	1	0
   84	2014-04-25 17:09:34	1	0	1	0
  103	2014-04-25 17:13:06	1	0	1	0
  111	2014-04-25 17:14:32	1	0	1	0
   88	2014-04-25 17:23:56	1	0	1	0
   60	2014-04-25 17:35:48	1	0	1	0
   75	2014-04-25 18:22:35	1	0	1	0
   43	2014-04-25 18:22:39	1	0	1	0
   88	2014-04-28 06:24:46	1	0	1	0
   77	2014-04-28 06:39:25	1	0	0	0
   47	2014-04-28 06:48:50	1	0	1	0
   29	2014-04-28 06:52:01	1	0	1	0
   61	2014-04-28 06:53:22	1	0	1	0
   48	2014-04-28 06:56:07	1	0	1	0
   43	2014-04-28 06:58:49	1	0	1	0
   24	2014-04-28 06:59:39	1	0	1	0
   33	2014-04-28 07:00:59	1	0	1	0
  110	2014-04-28 07:07:31	1	0	1	0
    4	2014-04-28 07:11:37	1	0	1	0
   83	2014-04-28 07:13:07	1	0	1	0
  111	2014-04-28 07:13:46	1	0	1	0
   19	2014-04-28 07:15:29	1	0	1	0
   49	2014-04-28 07:16:57	1	0	1	0
   50	2014-04-28 07:20:09	1	0	1	0
   86	2014-04-28 07:24:50	1	0	1	0
   46	2014-04-28 07:27:20	1	0	1	0
   20	2014-04-28 07:29:22	1	0	1	0
   87	2014-04-28 07:34:54	1	0	1	0
   55	2014-04-28 07:39:14	1	0	1	0
   72	2014-04-28 07:40:06	1	0	1	0
   71	2014-04-28 07:40:21	1	0	1	0
   44	2014-04-28 07:40:51	1	0	1	0
  121	2014-04-28 07:43:03	1	0	1	0
   18	2014-04-28 07:47:06	1	0	1	0
  107	2014-04-28 07:51:33	1	0	1	0
   82	2014-04-28 07:53:02	1	0	1	0
   35	2014-04-28 07:53:11	1	0	1	0
  103	2014-04-28 07:53:20	1	0	1	0
   94	2014-04-28 07:53:40	1	0	1	0
   21	2014-04-28 07:58:59	1	0	1	0
   22	2014-04-28 07:59:44	1	0	1	0
   76	2014-04-28 08:07:39	1	0	1	0
  108	2014-04-28 08:13:19	1	0	1	0
  102	2014-04-28 08:16:09	1	0	1	0
   75	2014-04-28 08:17:19	1	0	1	0
   41	2014-04-28 08:27:55	1	0	1	0
  113	2014-04-28 08:29:52	1	0	1	0
   93	2014-04-28 08:33:55	1	0	1	0
   23	2014-04-28 08:34:08	1	0	0	0
   51	2014-04-28 08:34:15	1	0	1	0
    3	2014-04-28 08:58:20	1	0	0	0
   69	2014-04-28 09:05:03	1	0	1	0
   17	2014-04-28 09:09:18	1	0	1	0
  106	2014-04-28 09:15:40	1	0	1	0
   74	2014-04-28 09:23:46	1	0	1	0
   66	2014-04-28 09:28:30	1	0	1	0
   66	2014-04-28 09:28:47	1	0	1	0
   93	2014-04-28 10:00:40	1	0	1	0
   84	2014-04-28 10:31:22	1	0	1	0
    8	2014-04-28 10:56:16	1	0	1	0
  109	2014-04-28 10:59:47	1	0	1	0
   78	2014-04-28 11:01:55	1	0	1	0
   94	2014-04-28 12:02:36	1	0	1	0
   66	2014-04-28 12:49:32	1	0	1	0
  107	2014-04-28 13:01:08	1	0	1	0
   73	2014-04-28 14:06:48	1	0	1	0
   22	2014-04-28 14:21:08	1	0	1	0
   33	2014-04-28 14:21:16	1	0	1	0
   18	2014-04-28 14:30:56	1	0	1	0
   88	2014-04-28 14:45:32	1	0	1	0
   35	2014-04-28 15:00:22	1	0	1	0
   93	2014-04-28 15:00:25	1	0	1	0
   77	2014-04-28 15:00:59	1	0	0	0
  109	2014-04-28 15:01:58	1	0	1	0
   50	2014-04-28 15:06:22	1	0	1	0
   82	2014-04-28 15:10:51	1	0	1	0
   83	2014-04-28 15:10:56	1	0	1	0
  110	2014-04-28 15:13:58	1	0	1	0
    4	2014-04-28 15:15:33	1	0	1	0
  106	2014-04-28 15:16:16	1	0	1	0
  113	2014-04-28 15:20:23	1	0	1	0
   76	2014-04-28 15:25:42	1	0	1	0
   86	2014-04-28 15:28:52	1	0	1	0
   46	2014-04-28 15:34:17	1	0	1	0
   71	2014-04-28 15:34:44	1	0	1	0
   69	2014-04-28 15:38:53	1	0	1	0
   43	2014-04-28 16:05:44	1	0	1	0
  102	2014-04-28 16:06:24	1	0	1	0
  103	2014-04-28 16:14:00	1	0	1	0
   52	2014-04-28 16:20:03	1	0	1	0
  111	2014-04-28 16:23:46	1	0	1	0
  108	2014-04-28 16:37:56	1	0	1	0
   78	2014-04-28 16:38:35	1	0	1	0
   17	2014-04-28 17:21:20	1	0	1	0
   29	2014-04-28 17:21:24	1	0	1	0
   84	2014-04-28 18:03:02	1	0	1	0
   72	2014-04-29 07:07:59	1	0	1	0
   48	2014-04-29 07:17:32	1	0	1	0
   18	2014-04-29 07:18:01	1	0	1	0
   22	2014-04-29 07:18:06	1	0	1	0
   13	2014-04-29 07:18:11	1	0	1	0
   83	2014-04-29 07:26:04	1	0	1	0
   86	2014-04-29 07:28:50	1	0	1	0
   61	2014-04-29 07:34:18	1	0	1	0
  110	2014-04-29 07:41:27	1	0	1	0
   47	2014-04-29 07:43:15	1	0	1	0
  105	2014-04-29 07:43:38	1	0	1	0
   19	2014-04-29 07:44:51	1	0	1	0
   24	2014-04-29 07:54:25	1	0	1	0
   88	2014-04-29 07:56:08	1	0	1	0
   82	2014-04-29 07:56:33	1	0	1	0
   21	2014-04-29 07:58:14	1	0	1	0
   69	2014-04-29 08:06:17	1	0	1	0
  113	2014-04-29 08:10:47	1	0	1	0
   35	2014-04-29 08:12:15	1	0	1	0
   33	2014-04-29 08:15:20	1	0	1	0
   87	2014-04-29 08:17:56	1	0	1	0
  121	2014-04-29 08:27:58	1	0	1	0
    4	2014-04-29 08:28:23	1	0	1	0
   43	2014-04-29 08:28:28	1	0	1	0
  111	2014-04-29 08:31:52	1	0	1	0
  101	2014-04-29 08:32:23	1	0	1	0
   58	2014-04-29 08:33:09	1	0	1	0
  107	2014-04-29 08:42:38	1	0	1	0
   50	2014-04-29 08:43:06	1	0	1	0
  108	2014-04-29 08:43:59	1	0	1	0
   98	2014-04-29 08:44:04	1	0	1	0
  103	2014-04-29 08:44:46	1	0	1	0
   91	2014-04-29 08:45:41	1	0	1	0
   17	2014-04-29 08:48:33	1	0	1	0
   66	2014-04-29 08:53:39	1	0	1	0
   89	2014-04-29 08:55:39	1	0	1	0
   71	2014-04-29 08:59:09	1	0	1	0
   49	2014-04-29 08:59:21	1	0	1	0
   51	2014-04-29 09:06:22	1	0	1	0
   74	2014-04-29 09:08:22	1	0	1	0
   74	2014-04-29 09:10:08	1	0	1	0
   34	2014-04-29 09:12:33	1	0	1	0
  109	2014-04-29 09:12:45	1	0	1	0
   77	2014-04-29 09:20:12	1	0	0	0
   56	2014-04-29 09:33:18	1	0	1	0
   94	2014-04-29 09:38:32	1	0	1	0
  102	2014-04-29 09:38:48	1	0	1	0
   46	2014-04-29 09:41:57	1	0	1	0
   62	2014-04-29 09:45:43	1	0	1	0
    8	2014-04-29 09:48:27	1	0	1	0
   75	2014-04-29 09:52:03	1	0	1	0
   54	2014-04-29 10:11:52	1	0	1	0
   84	2014-04-29 10:18:37	1	0	1	0
   23	2014-04-29 12:06:09	1	0	0	0
   66	2014-04-29 13:36:34	1	0	1	0
   13	2014-04-29 13:38:41	1	0	1	0
   94	2014-04-29 13:42:24	1	0	1	0
    8	2014-04-29 14:21:55	1	0	1	0
   77	2014-04-29 14:28:48	1	0	0	0
   18	2014-04-29 14:30:20	1	0	1	0
   22	2014-04-29 14:30:35	1	0	1	0
   33	2014-04-29 14:30:51	1	0	1	0
   34	2014-04-29 14:31:29	1	0	1	0
   35	2014-04-29 14:42:53	1	0	1	0
  113	2014-04-29 14:43:56	1	0	1	0
   47	2014-04-29 14:44:29	1	0	1	0
   58	2014-04-29 14:45:10	1	0	1	0
   51	2014-04-29 14:45:39	1	0	1	0
   83	2014-04-29 14:48:42	1	0	1	0
   50	2014-04-29 15:04:41	1	0	1	0
  105	2014-04-29 15:05:07	1	0	1	0
   46	2014-04-29 15:09:06	1	0	1	0
   43	2014-04-29 15:09:54	1	0	1	0
   56	2014-04-29 15:11:48	1	0	1	0
   72	2014-04-29 15:11:55	1	0	1	0
   75	2014-04-29 15:14:58	1	0	1	0
   68	2014-04-29 15:17:05	1	0	1	0
   76	2014-04-29 15:30:40	1	0	1	0
   71	2014-04-29 15:37:32	1	0	1	0
   86	2014-04-29 15:40:46	1	0	1	0
  111	2014-04-29 15:41:54	1	0	1	0
   76	2014-04-29 15:50:21	1	0	1	0
   52	2014-04-29 16:12:33	1	0	1	0
  109	2014-04-29 16:12:44	1	0	1	0
  103	2014-04-29 16:15:48	1	0	1	0
  108	2014-04-29 16:29:21	1	0	1	0
  110	2014-04-29 16:29:26	1	0	1	0
   87	2014-04-29 16:37:49	1	0	1	0
   17	2014-04-29 16:40:36	1	0	1	0
   84	2014-04-29 16:40:53	1	0	1	0
   88	2014-04-29 16:46:50	1	0	1	0
  102	2014-04-29 17:11:36	1	0	1	0
   88	2014-04-30 06:21:31	1	0	1	0
   75	2014-04-30 06:51:34	1	0	1	0
    8	2014-04-30 07:02:02	1	0	1	0
   43	2014-04-30 07:04:44	1	0	1	0
   48	2014-04-30 07:09:23	1	0	1	0
   47	2014-04-30 07:09:54	1	0	1	0
   29	2014-04-30 07:15:05	1	0	1	0
   18	2014-04-30 07:17:41	1	0	1	0
  110	2014-04-30 07:19:36	1	0	1	0
   49	2014-04-30 07:21:36	1	0	1	0
  103	2014-04-30 07:22:05	1	0	1	0
   79	2014-04-30 07:23:32	1	0	1	0
   79	2014-04-29 07:23:47	1	0	1	0
   83	2014-04-30 07:28:49	1	0	1	0
   86	2014-04-30 07:37:21	1	0	1	0
   24	2014-04-30 07:38:22	1	0	1	0
   20	2014-04-30 07:38:59	1	0	1	0
   19	2014-04-30 07:39:17	1	0	1	0
   82	2014-04-30 07:50:52	1	0	1	0
   35	2014-04-30 07:51:09	1	0	1	0
   21	2014-04-30 08:00:58	1	0	1	0
   33	2014-04-30 08:08:16	1	0	1	0
  111	2014-04-30 08:09:30	1	0	1	0
  111	2014-04-30 08:09:32	1	0	1	0
   61	2014-04-30 08:14:13	1	0	1	0
  105	2014-04-30 08:26:13	1	0	1	0
   98	2014-04-30 08:32:21	1	0	1	0
    3	2014-04-30 08:40:06	1	0	0	0
  113	2014-04-30 08:43:15	1	0	1	0
   72	2014-04-30 08:48:08	1	0	1	0
   58	2014-04-30 08:53:00	1	0	1	0
   58	2014-04-30 08:53:22	1	0	1	0
   77	2014-04-30 09:06:29	1	0	0	0
  102	2014-04-30 09:07:06	1	0	1	0
   71	2014-04-30 09:14:17	1	0	1	0
   17	2014-04-30 09:15:34	1	0	1	0
    4	2014-04-30 09:20:15	1	0	1	0
   84	2014-04-30 09:24:30	1	0	1	0
   66	2014-04-30 09:28:49	1	0	1	0
   46	2014-04-30 09:33:06	1	0	1	0
   46	2014-04-30 09:51:04	1	0	1	0
  109	2014-04-30 10:28:36	1	0	1	0
   13	2014-04-30 11:20:42	1	0	1	0
   82	2014-04-30 14:25:05	1	0	1	0
   18	2014-04-30 14:29:48	1	0	1	0
   33	2014-04-30 14:30:28	1	0	1	0
   35	2014-04-30 14:30:40	1	0	1	0
   68	2014-04-30 14:33:35	1	0	1	0
   61	2014-04-30 14:36:35	1	0	1	0
   88	2014-04-30 14:42:37	1	0	1	0
  109	2014-04-30 14:48:42	1	0	1	0
  111	2014-04-30 15:03:40	1	0	1	0
   52	2014-04-30 15:12:33	1	0	1	0
   86	2014-04-30 15:19:02	1	0	1	0
   43	2014-04-30 15:19:56	1	0	1	0
  102	2014-04-30 15:24:44	1	0	1	0
  103	2014-04-30 15:26:23	1	0	1	0
   78	2014-04-30 15:44:37	1	0	1	0
   71	2014-04-30 16:35:30	1	0	1	0
   79	2014-04-30 17:15:19	1	0	1	0
   79	2014-04-29 17:15:36	1	0	1	0
   17	2014-04-30 17:40:12	1	0	1	0
   84	2014-04-30 17:40:48	1	0	1	0
   69	2014-04-30 18:05:55	1	0	1	0
   75	2014-04-30 18:31:08	1	0	1	0
   88	2014-05-02 06:32:14	1	0	1	0
   43	2014-05-02 06:57:48	1	0	1	0
   33	2014-05-02 07:01:50	1	0	1	0
   77	2014-05-02 07:07:11	1	0	0	0
   86	2014-05-02 07:22:17	1	0	1	0
    4	2014-05-02 07:29:44	1	0	1	0
   47	2014-05-02 07:38:33	1	0	1	0
  105	2014-05-02 07:42:57	1	0	1	0
   93	2014-05-02 07:55:51	1	0	1	0
   69	2014-05-02 07:59:59	1	0	1	0
  111	2014-05-02 08:05:31	1	0	1	0
  111	2014-05-02 08:05:34	1	0	1	0
  113	2014-05-02 08:16:48	1	0	1	0
   58	2014-05-02 08:17:38	1	0	1	0
   81	2014-05-02 08:24:54	1	0	1	0
   81	2014-05-02 08:24:56	1	0	1	0
   91	2014-05-02 08:25:23	1	0	1	0
   87	2014-05-02 08:31:33	1	0	1	0
   49	2014-05-02 08:33:00	1	0	1	0
   51	2014-05-02 08:38:49	1	0	1	0
   44	2014-05-02 08:52:53	1	0	1	0
  108	2014-05-02 09:03:46	1	0	1	0
   24	2014-05-02 09:06:57	1	0	1	0
   50	2014-05-02 09:08:01	1	0	1	0
   19	2014-05-02 09:08:14	1	0	1	0
   75	2014-05-02 09:18:35	1	0	1	0
   56	2014-05-02 09:40:59	1	0	1	0
   17	2014-05-02 09:45:44	1	0	1	0
   79	2014-05-02 07:50:59	1	0	1	0
   94	2014-05-02 09:54:21	1	0	1	0
  102	2014-05-02 09:55:12	1	0	1	0
   84	2014-05-02 09:58:24	1	0	1	0
   79	2014-04-04 06:59:38	1	0	1	0
   79	2014-04-14 06:59:51	1	0	1	0
   79	2014-04-21 07:00:04	1	0	1	0
   79	2014-04-29 07:00:23	1	0	1	0
   79	2014-04-30 07:00:35	1	0	1	0
   79	2014-04-03 15:00:51	1	0	1	0
   79	2014-04-04 15:01:03	1	0	1	0
   79	2014-04-07 15:01:15	1	0	1	0
   79	2014-04-08 15:02:24	1	0	1	0
   79	2014-04-09 15:02:37	1	0	1	0
   79	2014-04-10 15:02:47	1	0	1	0
   79	2014-04-11 15:02:57	1	0	1	0
   79	2014-04-15 15:03:11	1	0	1	0
   79	2014-04-16 15:03:26	1	0	1	0
   79	2014-04-17 15:03:35	1	0	1	0
   79	2014-04-21 15:03:49	1	0	1	0
   79	2014-04-23 15:03:58	1	0	1	0
   79	2014-04-29 15:04:08	1	0	1	0
   79	2014-04-30 15:04:17	1	0	1	0
   79	2014-05-02 10:04:28	1	0	1	0
   13	2014-05-02 10:30:00	1	0	1	0
  109	2014-05-02 10:36:13	1	0	1	0
   61	2014-05-02 10:36:32	1	0	1	0
