   91	2014-04-16 20:01:34	1	0	1	0
   92	2014-05-05 11:02:39	1	0	1	0
    8	2014-05-05 11:02:48	1	0	1	0
   23	2014-05-05 11:02:56	1	0	0	0
   62	2014-05-05 11:03:14	1	0	1	0
   44	2014-05-05 11:04:43	1	0	1	0
   29	2014-05-05 11:04:57	1	0	1	0
  114	2014-05-05 11:07:40	1	0	1	0
   75	2014-05-05 11:47:49	1	0	1	0
   55	2014-05-05 12:38:34	1	0	1	0
    4	2014-05-05 12:53:43	1	0	1	0
   13	2014-05-05 14:17:32	1	0	1	0
  107	2014-05-05 14:18:43	1	0	1	0
   34	2014-05-05 14:26:31	1	0	1	0
   22	2014-05-05 14:28:02	1	0	1	0
   33	2014-05-05 14:28:12	1	0	1	0
  106	2014-05-05 14:29:36	1	0	1	0
   51	2014-05-05 14:30:30	1	0	1	0
   91	2014-05-05 14:31:26	1	0	1	0
   47	2014-05-05 14:31:42	1	0	1	0
   35	2014-05-05 14:31:48	1	0	1	0
    6	2014-05-05 14:31:55	1	0	1	0
  104	2014-05-05 14:32:05	1	0	1	0
   58	2014-05-05 14:32:10	1	0	1	0
   62	2014-05-05 14:40:34	1	0	1	0
   61	2014-05-05 14:42:45	1	0	1	0
   77	2014-05-05 14:43:24	1	0	0	0
    3	2014-05-05 14:44:33	1	0	0	0
   79	2014-05-05 14:46:38	1	0	1	0
   79	2014-05-05 07:47:05	1	0	1	0
   79	2014-05-05 14:59:17	1	0	1	0
   79	2014-05-05 14:59:22	1	0	1	0
   79	2014-05-05 14:59:53	1	0	1	0
   79	2014-05-05 15:00:25	1	0	1	0
   72	2014-05-05 15:00:28	1	0	1	0
  109	2014-05-05 15:02:16	1	0	1	0
   82	2014-05-05 15:04:40	1	0	1	0
   89	2014-05-05 15:04:43	1	0	1	0
   83	2014-05-05 15:04:50	1	0	1	0
   43	2014-05-05 15:06:20	1	0	1	0
   73	2014-05-05 15:07:23	1	0	1	0
   75	2014-05-05 15:08:40	1	0	1	0
   46	2014-05-05 15:08:48	1	0	1	0
   14	2014-05-05 15:12:06	1	0	1	0
   44	2014-05-05 15:23:42	1	0	1	0
   86	2014-05-05 15:28:39	1	0	1	0
  102	2014-05-05 15:44:00	1	0	1	0
  108	2014-05-05 15:46:15	1	0	1	0
  108	2014-05-05 15:48:59	1	0	0	0
    4	2014-05-05 15:58:03	1	0	1	0
  103	2014-05-05 16:03:18	1	0	1	0
  111	2014-05-05 16:03:24	1	0	1	0
   81	2014-05-05 17:12:45	1	0	1	0
  110	2014-05-05 17:13:04	1	0	1	0
  114	2014-05-05 17:30:47	1	0	1	0
  121	2014-05-05 17:34:45	1	0	1	0
   71	2014-05-05 17:34:57	1	0	1	0
   29	2014-05-05 17:49:55	1	0	1	0
   56	2014-05-05 17:53:33	1	0	1	0
   17	2014-05-05 17:53:37	1	0	1	0
   84	2014-05-05 17:53:47	1	0	1	0
   88	2014-05-05 18:01:32	1	0	1	0
   79	2014-05-06 06:32:32	1	0	1	0
   88	2014-05-06 06:33:29	1	0	1	0
   43	2014-05-06 07:06:57	1	0	1	0
   83	2014-05-06 07:09:25	1	0	1	0
   48	2014-05-06 07:10:45	1	0	1	0
  103	2014-05-06 07:20:17	1	0	1	0
   81	2014-05-06 07:20:59	1	0	1	0
   47	2014-05-06 07:22:44	1	0	1	0
   18	2014-05-06 07:23:23	1	0	1	0
   22	2014-05-06 07:23:32	1	0	1	0
  110	2014-05-06 07:43:30	1	0	1	0
   86	2014-05-06 07:44:45	1	0	1	0
   20	2014-05-06 07:55:07	1	0	1	0
   76	2014-05-06 07:57:20	1	0	1	0
   97	2014-05-06 08:01:24	1	0	1	0
   21	2014-05-06 08:01:34	1	0	1	0
   82	2014-05-06 08:02:15	1	0	1	0
   33	2014-05-06 08:03:30	1	0	1	0
   19	2014-05-06 08:10:01	1	0	1	0
    1	2014-05-06 08:14:37	1	0	1	0
   35	2014-05-06 08:15:39	1	0	1	0
   84	2014-05-06 08:15:52	1	0	1	0
   91	2014-05-06 08:19:54	1	0	1	0
   24	2014-05-06 08:20:04	1	0	1	0
  105	2014-05-06 08:24:58	1	0	1	0
  104	2014-05-06 08:25:43	1	0	1	0
   55	2014-05-06 08:27:09	1	0	1	0
    3	2014-05-06 08:29:41	1	0	0	0
  121	2014-05-06 08:29:59	1	0	1	0
   72	2014-05-06 08:34:03	1	0	1	0
   54	2014-05-06 08:37:08	1	0	1	0
  111	2014-05-06 08:37:35	1	0	1	0
  113	2014-05-06 08:37:50	1	0	1	0
   93	2014-05-06 08:38:58	1	0	1	0
   69	2014-05-06 08:39:07	1	0	1	0
  108	2014-05-06 08:51:39	1	0	1	0
  106	2014-05-06 08:51:43	1	0	1	0
    4	2014-05-06 08:51:56	1	0	1	0
   50	2014-05-06 08:53:47	1	0	1	0
   71	2014-05-06 08:58:17	1	0	1	0
   17	2014-05-06 09:00:50	1	0	1	0
   94	2014-05-06 09:03:10	1	0	1	0
   14	2014-05-06 09:05:25	1	0	1	0
   51	2014-05-06 09:11:08	1	0	1	0
  114	2014-05-06 09:12:14	1	0	1	0
   29	2014-05-06 09:16:36	1	0	1	0
   44	2014-05-06 09:23:49	1	0	1	0
   34	2014-05-06 09:24:17	1	0	1	0
   74	2014-05-06 09:24:23	1	0	1	0
  112	2014-05-06 09:24:29	1	0	1	0
  101	2014-05-06 09:25:20	1	0	1	0
   56	2014-05-06 09:38:09	1	0	1	0
   89	2014-05-06 09:38:14	1	0	1	0
   58	2014-05-06 09:39:55	1	0	1	0
   75	2014-05-06 09:46:04	1	0	1	0
   46	2014-05-06 09:50:20	1	0	1	0
   68	2014-05-06 09:58:13	1	0	1	0
   77	2014-05-06 09:58:22	1	0	0	0
   92	2014-05-06 10:28:01	1	0	1	0
   26	2014-05-06 10:59:12	1	0	1	0
    8	2014-05-06 11:05:05	1	0	1	0
   94	2014-05-06 12:12:03	1	0	1	0
   91	2014-05-06 13:17:15	1	0	1	0
   18	2014-05-06 14:32:18	1	0	1	0
   54	2014-05-06 14:32:25	1	0	1	0
   34	2014-05-06 14:33:02	1	0	1	0
   35	2014-05-06 14:41:21	1	0	1	0
   14	2014-05-06 14:48:59	1	0	1	0
   24	2014-05-06 14:50:18	1	0	1	0
   86	2014-05-06 15:00:08	1	0	1	0
  105	2014-05-06 15:00:54	1	0	1	0
  101	2014-05-06 15:01:12	1	0	1	0
   97	2014-05-06 15:01:59	1	0	1	0
   68	2014-05-06 15:02:49	1	0	1	0
   33	2014-05-06 15:03:23	1	0	1	0
   47	2014-05-06 15:03:29	1	0	1	0
   22	2014-05-06 15:03:36	1	0	1	0
  104	2014-05-06 15:03:56	1	0	1	0
    3	2014-05-06 15:04:31	1	0	0	0
  112	2014-05-06 15:05:21	1	0	1	0
   44	2014-05-06 15:05:44	1	0	1	0
   51	2014-05-06 15:07:20	1	0	1	0
   82	2014-05-06 15:08:23	1	0	1	0
   77	2014-05-06 15:08:32	1	0	0	0
  108	2014-05-06 15:10:57	1	0	1	0
   83	2014-05-06 15:11:21	1	0	1	0
  102	2014-05-06 15:11:27	1	0	1	0
  113	2014-05-06 15:12:41	1	0	1	0
   50	2014-05-06 15:12:49	1	0	1	0
   72	2014-05-06 15:13:00	1	0	1	0
  109	2014-05-06 15:13:14	1	0	1	0
   73	2014-05-06 15:18:41	1	0	1	0
    4	2014-05-06 15:23:34	1	0	1	0
   43	2014-05-06 15:27:21	1	0	1	0
   46	2014-05-06 15:35:51	1	0	1	0
   92	2014-05-06 15:40:43	1	0	1	0
  106	2014-05-06 15:40:48	1	0	1	0
   19	2014-05-06 15:42:32	1	0	1	0
  103	2014-05-06 16:17:01	1	0	1	0
   76	2014-05-06 16:25:22	1	0	1	0
  111	2014-05-06 16:51:07	1	0	1	0
   23	2014-05-06 16:51:51	1	0	0	0
   78	2014-05-06 17:26:47	1	0	1	0
   52	2014-05-06 17:27:00	1	0	1	0
   81	2014-05-06 17:43:16	1	0	1	0
  110	2014-05-06 17:44:18	1	0	1	0
  114	2014-05-06 18:06:00	1	0	1	0
   79	2014-05-06 18:15:08	1	0	1	0
   71	2014-05-06 18:36:32	1	0	1	0
   17	2014-05-06 18:41:02	1	0	1	0
  121	2014-05-06 18:43:28	1	0	1	0
   29	2014-05-06 18:45:20	1	0	1	0
   88	2014-05-06 19:00:58	1	0	1	0
   88	2014-05-06 19:03:16	1	0	1	0
   84	2014-05-06 19:03:59	1	0	1	0
   70	2014-05-07 05:56:59	1	0	1	0
   66	2014-05-07 06:21:35	1	0	1	0
   79	2014-05-07 06:28:45	1	0	1	0
   88	2014-05-07 06:39:03	1	0	1	0
  103	2014-05-07 06:46:09	1	0	1	0
   43	2014-05-07 07:07:00	1	0	1	0
   61	2014-05-07 07:10:05	1	0	1	0
   83	2014-05-07 07:14:30	1	0	1	0
   48	2014-05-07 07:17:31	1	0	1	0
   47	2014-05-07 07:17:43	1	0	1	0
   20	2014-05-07 07:18:52	1	0	1	0
   18	2014-05-07 07:19:25	1	0	1	0
   14	2014-05-07 07:21:10	1	0	1	0
   81	2014-05-07 07:24:10	1	0	1	0
   46	2014-05-07 07:26:25	1	0	1	0
   72	2014-05-07 07:28:46	1	0	1	0
   29	2014-05-07 07:34:39	1	0	1	0
   77	2014-05-07 07:35:19	1	0	0	0
   97	2014-05-07 07:35:34	1	0	1	0
   35	2014-05-07 07:36:14	1	0	1	0
   51	2014-05-07 07:36:53	1	0	1	0
    4	2014-05-07 07:39:13	1	0	1	0
  114	2014-05-07 07:41:11	1	0	1	0
   76	2014-05-07 07:41:21	1	0	1	0
  104	2014-05-07 07:41:27	1	0	1	0
   86	2014-05-07 07:44:34	1	0	1	0
   19	2014-05-07 07:46:14	1	0	1	0
  107	2014-05-07 07:46:32	1	0	1	0
   92	2014-05-07 07:47:09	1	0	1	0
   71	2014-05-07 07:47:19	1	0	1	0
   58	2014-05-07 07:48:29	1	0	1	0
  110	2014-05-07 07:51:00	1	0	1	0
   34	2014-05-07 07:57:51	1	0	1	0
   82	2014-05-07 07:58:51	1	0	1	0
   78	2014-05-07 08:06:27	1	0	1	0
    1	2014-05-07 08:07:32	1	0	1	0
  111	2014-05-07 08:09:44	1	0	1	0
  113	2014-05-07 08:10:09	1	0	1	0
   33	2014-05-07 08:11:15	1	0	1	0
   91	2014-05-07 08:12:09	1	0	1	0
  102	2014-05-07 08:30:13	1	0	1	0
   54	2014-05-07 08:30:50	1	0	1	0
  108	2014-05-07 08:34:09	1	0	1	0
   56	2014-05-07 08:36:00	1	0	1	0
  105	2014-05-07 08:36:04	1	0	1	0
  106	2014-05-07 08:41:20	1	0	1	0
  112	2014-05-07 08:45:49	1	0	1	0
   50	2014-05-07 08:57:48	1	0	1	0
   22	2014-05-07 09:04:44	1	0	1	0
   24	2014-05-07 09:05:22	1	0	1	0
   17	2014-05-07 09:05:57	1	0	1	0
   84	2014-05-07 09:07:12	1	0	1	0
    3	2014-05-07 09:23:04	1	2	0	0
   89	2014-05-07 09:48:28	1	0	1	0
  121	2014-05-07 09:59:17	1	0	1	0
   75	2014-05-07 10:36:24	1	0	1	0
   94	2014-05-07 10:56:18	1	0	1	0
   44	2014-05-07 12:00:28	1	0	1	0
   52	2014-05-07 12:00:34	1	0	1	0
   54	2014-05-07 14:15:26	1	0	1	0
   72	2014-05-07 14:27:58	1	0	1	0
   66	2014-05-07 14:31:37	1	0	1	0
   92	2014-05-07 14:33:45	1	0	1	0
   34	2014-05-07 14:37:31	1	0	1	0
  104	2014-05-07 14:42:30	1	0	1	0
   35	2014-05-07 14:44:59	1	0	1	0
   91	2014-05-07 14:45:48	1	0	1	0
   70	2014-05-07 14:45:59	1	0	1	0
   78	2014-05-07 14:49:38	1	0	1	0
   33	2014-05-07 14:49:43	1	0	1	0
   52	2014-05-07 14:49:53	1	0	1	0
   58	2014-05-07 14:49:58	1	0	1	0
   47	2014-05-07 14:50:04	1	0	1	0
   48	2014-05-07 14:50:59	1	0	1	0
   61	2014-05-07 14:51:15	1	0	1	0
  112	2014-05-07 14:51:21	1	0	1	0
   19	2014-05-07 14:57:21	1	0	1	0
   19	2014-05-07 14:57:23	1	0	1	0
   14	2014-05-07 14:57:48	1	0	1	0
   79	2014-05-07 14:58:12	1	0	1	0
  108	2014-05-07 15:00:27	1	0	1	0
   44	2014-05-07 15:00:49	1	0	1	0
   82	2014-05-07 15:07:29	1	0	1	0
   83	2014-05-07 15:07:46	1	0	1	0
   77	2014-05-07 15:09:49	1	0	0	0
   50	2014-05-07 15:12:42	1	0	1	0
   46	2014-05-07 15:15:36	1	0	1	0
   43	2014-05-07 15:23:40	1	0	1	0
  113	2014-05-07 15:25:09	1	0	1	0
  105	2014-05-07 15:25:23	1	0	1	0
    4	2014-05-07 15:27:03	1	0	1	0
  101	2014-05-07 15:27:15	1	0	1	0
   86	2014-05-07 15:40:41	1	0	1	0
   81	2014-05-07 15:44:00	1	0	1	0
  110	2014-05-07 15:44:19	1	0	1	0
   76	2014-05-07 15:50:50	1	0	1	0
  102	2014-05-07 15:53:01	1	0	1	0
  103	2014-05-07 15:54:13	1	0	1	0
  109	2014-05-07 15:56:10	1	0	1	0
   75	2014-05-07 16:05:54	1	0	1	0
    3	2014-05-07 16:16:46	1	0	0	0
  111	2014-05-07 16:19:39	1	0	1	0
    1	2014-05-07 16:44:18	1	0	1	0
   88	2014-05-07 17:27:53	1	0	1	0
  106	2014-05-07 17:44:00	1	0	1	0
  114	2014-05-07 17:45:54	1	0	1	0
   29	2014-05-07 17:52:46	1	0	1	0
   17	2014-05-07 18:03:56	1	0	1	0
   56	2014-05-07 18:04:19	1	0	1	0
  121	2014-05-07 18:04:43	1	0	1	0
   84	2014-05-07 18:24:29	1	0	1	0
   79	2014-05-08 06:43:07	1	0	1	0
   79	2014-04-29 06:43:59	1	0	1	0
   79	2014-04-30 06:44:14	1	0	1	0
   79	2014-04-04 15:44:29	1	0	1	0
   79	2014-04-05 15:44:51	1	0	1	0
   79	2014-04-08 15:45:03	1	0	1	0
   79	2014-05-08 06:45:29	1	0	1	0
   79	2014-05-08 06:46:06	1	0	1	0
   88	2014-05-08 06:46:12	1	0	1	0
   88	2014-05-08 06:46:30	1	0	1	0
   79	2014-05-08 06:46:35	1	0	1	0
   48	2014-05-08 07:06:10	1	0	1	0
   61	2014-05-08 07:07:01	1	0	1	0
   83	2014-05-08 07:17:17	1	0	1	0
   18	2014-05-08 07:20:45	1	0	1	0
   43	2014-05-08 07:32:55	1	0	1	0
  110	2014-05-08 07:34:50	1	0	1	0
  103	2014-05-08 07:34:58	1	0	1	0
   19	2014-05-08 07:40:31	1	0	1	0
   81	2014-05-08 07:42:10	1	0	1	0
  105	2014-05-08 07:42:54	1	0	1	0
   86	2014-05-08 07:51:05	1	0	1	0
   21	2014-05-08 07:52:45	1	0	1	0
   84	2014-05-08 08:01:45	1	0	1	0
   47	2014-05-08 08:02:31	1	0	1	0
   55	2014-05-08 08:11:03	1	0	1	0
   82	2014-05-08 08:13:09	1	0	1	0
   35	2014-05-08 08:18:45	1	0	1	0
  113	2014-05-08 08:28:02	1	0	1	0
   14	2014-05-08 08:28:52	1	0	1	0
  111	2014-05-08 08:32:05	1	0	1	0
   49	2014-05-08 08:32:20	1	0	1	0
  112	2014-05-08 08:40:05	1	0	1	0
  104	2014-05-08 08:40:49	1	0	1	0
   72	2014-05-08 08:48:11	1	0	1	0
    1	2014-05-08 08:51:41	1	0	1	0
   51	2014-05-08 08:52:29	1	0	1	0
  108	2014-05-08 08:53:55	1	0	1	0
   56	2014-05-08 08:57:08	1	0	1	0
   50	2014-05-08 08:57:45	1	0	1	0
   93	2014-05-08 09:01:05	1	0	1	0
   97	2014-05-08 09:02:05	1	0	1	0
   71	2014-05-08 09:04:08	1	0	1	0
   22	2014-05-08 09:05:37	1	0	1	0
   33	2014-05-08 09:05:54	1	0	1	0
   29	2014-05-08 09:07:37	1	0	1	0
   89	2014-05-08 09:17:35	1	0	1	0
   75	2014-05-08 09:23:16	1	0	1	0
    4	2014-05-08 09:24:48	1	0	1	0
   92	2014-05-08 09:26:32	1	0	1	0
  114	2014-05-08 09:30:39	1	0	1	0
   17	2014-05-08 09:35:13	1	0	1	0
   46	2014-05-08 09:40:47	1	0	1	0
   77	2014-05-08 09:41:10	1	0	0	0
    3	2014-05-08 09:56:09	1	0	0	0
   76	2014-05-08 10:00:58	1	0	1	0
   74	2014-05-08 10:14:39	1	0	1	0
   78	2014-05-08 10:17:55	1	0	1	0
  106	2014-05-08 10:26:32	1	0	1	0
    6	2014-05-08 10:29:13	1	0	1	0
   26	2014-05-08 10:31:42	1	0	1	0
   91	2014-05-08 10:31:46	1	0	1	0
   44	2014-05-08 10:49:12	1	0	1	0
  102	2014-05-08 10:52:52	1	0	1	0
   52	2014-05-08 11:58:44	1	0	1	0
   18	2014-05-08 12:49:14	1	0	1	0
   60	2014-05-08 12:49:26	1	0	1	0
   61	2014-05-08 13:19:27	1	0	1	0
   13	2014-05-08 14:32:18	1	0	1	0
   35	2014-05-08 14:35:53	1	0	1	0
   72	2014-05-08 14:42:19	1	0	1	0
   89	2014-05-08 14:45:16	1	0	1	0
   89	2014-05-08 14:45:18	1	0	1	0
   68	2014-05-08 14:47:08	1	0	1	0
   26	2014-05-08 14:47:12	1	0	1	0
   75	2014-05-08 14:48:24	1	0	1	0
  104	2014-05-08 14:52:04	1	0	1	0
   21	2014-05-08 14:52:40	1	0	1	0
  112	2014-05-08 14:52:54	1	0	1	0
   86	2014-05-08 15:00:06	1	0	1	0
  102	2014-05-08 15:00:29	1	0	1	0
   78	2014-05-08 15:02:56	1	0	1	0
   78	2014-05-08 15:03:17	1	0	1	0
   44	2014-05-08 15:04:06	1	0	1	0
   77	2014-05-08 15:05:43	1	0	0	0
   73	2014-05-08 15:08:18	1	0	1	0
   50	2014-05-08 15:08:34	1	0	1	0
   47	2014-05-08 15:10:04	1	0	1	0
   97	2014-05-08 15:10:40	1	0	1	0
   14	2014-05-08 15:11:33	1	0	1	0
   76	2014-05-08 15:16:25	1	0	1	0
   82	2014-05-08 15:16:47	1	0	1	0
   83	2014-05-08 15:17:45	1	0	1	0
   49	2014-05-08 15:26:30	1	0	1	0
  113	2014-05-08 15:33:58	1	0	1	0
  105	2014-05-08 15:34:08	1	0	1	0
   79	2014-05-08 15:45:29	1	0	1	0
   51	2014-05-08 16:01:18	1	0	1	0
   46	2014-05-08 16:08:15	1	0	1	0
   43	2014-05-08 16:11:25	1	0	1	0
   93	2014-05-08 16:33:51	1	0	1	0
    3	2014-05-08 16:44:08	1	0	0	0
   22	2014-05-08 16:46:09	1	0	1	0
   33	2014-05-08 16:46:16	1	0	1	0
  108	2014-05-08 16:46:27	1	0	1	0
    4	2014-05-08 16:47:16	1	0	1	0
  103	2014-05-08 16:50:27	1	0	1	0
  111	2014-05-08 16:55:05	1	0	1	0
   52	2014-05-08 16:55:16	1	0	1	0
   19	2014-05-08 17:01:17	1	0	1	0
  114	2014-05-08 17:14:54	1	0	1	0
  106	2014-05-08 17:24:47	1	0	1	0
   71	2014-05-08 17:29:56	1	0	1	0
   56	2014-05-08 17:30:54	1	0	1	0
   84	2014-05-08 17:31:20	1	0	1	0
  121	2014-05-08 17:31:26	1	0	1	0
   29	2014-05-08 17:39:44	1	0	1	0
   17	2014-05-08 17:42:42	1	0	1	0
   81	2014-05-08 17:55:05	1	0	1	0
   88	2014-05-08 17:57:37	1	0	1	0
   88	2014-05-08 17:59:34	1	0	1	0
  110	2014-05-08 18:00:08	1	0	1	0
   88	2014-05-09 06:29:44	1	0	1	0
  103	2014-05-09 06:57:12	1	0	1	0
   48	2014-05-09 07:07:07	1	0	1	0
   77	2014-05-09 07:22:16	1	0	0	0
  105	2014-05-09 07:26:01	1	0	1	0
   83	2014-05-09 07:32:46	1	0	1	0
   81	2014-05-09 07:35:28	1	0	1	0
   86	2014-05-09 07:37:28	1	0	1	0
   58	2014-05-09 07:43:24	1	0	1	0
   20	2014-05-09 07:45:47	1	0	1	0
    4	2014-05-09 07:47:35	1	0	1	0
   21	2014-05-09 07:58:51	1	0	1	0
   22	2014-05-09 08:00:14	1	0	1	0
   18	2014-05-09 08:01:21	1	0	1	0
  110	2014-05-09 08:02:26	1	0	1	0
   19	2014-05-09 08:09:24	1	0	1	0
   50	2014-05-09 08:09:32	1	0	1	0
  107	2014-05-09 08:09:38	1	0	1	0
   43	2014-05-09 08:11:40	1	0	1	0
   82	2014-05-09 08:16:22	1	0	1	0
   78	2014-05-09 08:19:27	1	0	1	0
  104	2014-05-09 08:19:55	1	0	1	0
   49	2014-05-09 08:29:52	1	0	1	0
    1	2014-05-09 08:32:17	1	0	1	0
   46	2014-05-09 08:34:07	1	0	1	0
  113	2014-05-09 08:35:41	1	0	1	0
  111	2014-05-09 08:36:46	1	0	1	0
   89	2014-05-09 08:38:26	1	0	1	0
  112	2014-05-09 08:39:34	1	0	1	0
   29	2014-05-09 08:41:20	1	0	1	0
   51	2014-05-09 08:44:58	1	0	1	0
   55	2014-05-09 08:54:08	1	0	1	0
   71	2014-05-09 09:02:28	1	0	1	0
   75	2014-05-09 09:05:02	1	0	1	0
  114	2014-05-09 09:06:40	1	0	1	0
   56	2014-05-09 09:06:53	1	0	1	0
   93	2014-05-09 09:06:57	1	0	1	0
  102	2014-05-09 09:10:49	1	0	1	0
   47	2014-05-09 09:11:40	1	0	1	0
   87	2014-05-09 09:15:06	1	0	1	0
  108	2014-05-09 09:24:44	1	0	1	0
    3	2014-05-09 09:28:20	1	0	0	0
   14	2014-05-09 09:30:42	1	0	1	0
   34	2014-05-09 09:40:56	1	0	1	0
   84	2014-05-09 09:45:14	1	0	1	0
   72	2014-05-09 09:47:23	1	0	1	0
   41	2014-05-09 09:47:33	1	0	1	0
   91	2014-05-09 09:56:28	1	0	1	0
  109	2014-05-09 10:01:48	1	0	1	0
   24	2014-05-09 10:30:29	1	0	1	0
  106	2014-05-09 10:42:10	1	0	1	0
    8	2014-05-09 10:42:56	1	0	1	0
   92	2014-05-09 11:27:53	1	0	1	0
   73	2014-05-09 11:43:42	1	0	1	0
   44	2014-05-09 11:44:27	1	0	1	0
   52	2014-05-09 11:57:30	1	0	1	0
   48	2014-05-09 13:27:54	1	0	1	0
   14	2014-05-09 14:31:57	1	0	1	0
   18	2014-05-09 14:35:37	1	0	1	0
   34	2014-05-09 14:37:29	1	0	1	0
   51	2014-05-09 14:42:48	1	0	1	0
  104	2014-05-09 14:45:03	1	0	1	0
   86	2014-05-09 15:00:09	1	0	1	0
  106	2014-05-09 15:00:43	1	0	1	0
  113	2014-05-09 15:07:30	1	0	1	0
   50	2014-05-09 15:10:22	1	0	1	0
   82	2014-05-09 15:13:31	1	0	1	0
   83	2014-05-09 15:16:22	1	0	1	0
   77	2014-05-09 15:23:36	1	0	0	0
  114	2014-05-09 15:26:55	1	0	1	0
   71	2014-05-09 15:26:59	1	0	1	0
   46	2014-05-09 15:30:32	1	0	1	0
   46	2014-05-09 15:30:38	1	0	1	0
  102	2014-05-09 15:36:00	1	0	1	0
   19	2014-05-09 15:36:59	1	0	1	0
    4	2014-05-09 15:48:41	1	0	1	0
    3	2014-05-09 15:49:03	1	0	0	0
  108	2014-05-09 15:57:28	1	0	1	0
   73	2014-05-09 16:31:05	1	0	1	0
   44	2014-05-09 16:31:31	1	0	1	0
  111	2014-05-09 16:54:39	1	0	1	0
  105	2014-05-09 17:00:09	1	0	1	0
  103	2014-05-09 17:00:49	1	0	1	0
   43	2014-05-09 17:03:38	1	0	1	0
   81	2014-05-09 17:17:50	1	0	1	0
   78	2014-05-09 17:31:11	1	0	1	0
   29	2014-05-09 17:45:05	1	0	1	0
  110	2014-05-09 17:58:30	1	0	1	0
   52	2014-05-09 18:28:36	1	0	1	0
   56	2014-05-09 18:53:05	1	0	1	0
   88	2014-05-09 19:25:13	1	0	1	0
   84	2014-05-09 19:39:23	1	0	1	0
   88	2014-05-12 06:10:26	1	0	1	0
   22	2014-05-12 06:44:17	1	0	1	0
   79	2014-05-12 06:44:27	1	0	1	0
   29	2014-05-12 07:04:48	1	0	1	0
   81	2014-05-12 07:10:40	1	0	1	0
   33	2014-05-12 07:13:19	1	0	1	0
  103	2014-05-12 07:14:02	1	0	1	0
   43	2014-05-12 07:15:38	1	0	1	0
   73	2014-05-12 07:16:18	1	0	1	0
   48	2014-05-12 07:19:19	1	0	1	0
   83	2014-05-12 07:19:27	1	0	1	0
   19	2014-05-12 07:20:34	1	0	1	0
   61	2014-05-12 07:20:55	1	0	1	0
   18	2014-05-12 07:21:10	1	0	1	0
  108	2014-05-12 07:21:18	1	0	1	0
   78	2014-05-12 07:21:25	1	0	1	0
   20	2014-05-12 07:21:37	1	0	1	0
   50	2014-05-12 07:22:03	1	0	1	0
  113	2014-05-12 07:23:52	1	0	1	0
    4	2014-05-12 07:29:05	1	0	1	0
  110	2014-05-12 07:31:42	1	0	1	0
   46	2014-05-12 07:31:44	1	0	1	0
   47	2014-05-12 07:33:18	1	0	1	0
   86	2014-05-12 07:35:32	1	0	1	0
  114	2014-05-12 07:36:00	1	0	1	0
   58	2014-05-12 07:38:34	1	0	1	0
   56	2014-05-12 07:43:33	1	0	1	0
   76	2014-05-12 07:44:13	1	0	1	0
   34	2014-05-12 07:44:20	1	0	1	0
   93	2014-05-12 07:47:21	1	0	1	0
   54	2014-05-12 07:50:02	1	0	1	0
   82	2014-05-12 07:53:32	1	0	1	0
   72	2014-05-12 07:57:11	1	0	1	0
   29	2014-05-12 07:57:22	1	0	1	0
  109	2014-05-12 08:04:17	1	0	1	0
   91	2014-05-12 08:14:18	1	0	1	0
  121	2014-05-12 08:16:41	1	0	1	0
   17	2014-05-12 08:19:57	1	0	1	0
   49	2014-05-12 08:20:55	1	0	1	0
   21	2014-05-12 08:30:13	1	0	1	0
   21	2014-05-12 08:30:15	1	0	1	0
  111	2014-05-12 08:36:51	1	0	1	0
   84	2014-05-12 08:42:47	1	0	1	0
   80	2014-05-12 08:46:03	1	0	1	0
   71	2014-05-12 08:46:21	1	0	1	0
  107	2014-05-12 08:46:34	1	0	1	0
   87	2014-05-12 08:50:12	1	0	1	0
   44	2014-05-12 08:50:22	1	0	1	0
    3	2014-05-12 08:55:20	1	0	0	0
   41	2014-05-12 08:57:46	1	0	1	0
   55	2014-05-12 08:57:51	1	0	1	0
   89	2014-05-12 09:03:48	1	0	1	0
  112	2014-05-12 09:12:17	1	0	1	0
  106	2014-05-12 09:15:38	1	0	1	0
  105	2014-05-12 09:16:17	1	0	1	0
   24	2014-05-12 09:18:33	1	0	1	0
   77	2014-05-12 09:28:17	1	0	0	0
   51	2014-05-12 09:56:01	1	0	1	0
  102	2014-05-12 10:10:07	1	0	1	0
   74	2014-05-12 10:11:41	1	0	1	0
   62	2014-05-12 10:11:47	1	0	1	0
   26	2014-05-12 10:14:34	1	0	1	0
   92	2014-05-12 10:22:31	1	0	1	0
   60	2014-05-12 10:30:54	1	0	1	0
    8	2014-05-12 10:32:25	1	0	1	0
   92	2014-05-12 14:20:01	1	0	1	0
   18	2014-05-12 14:30:28	1	0	1	0
   34	2014-05-12 14:37:10	1	0	1	0
   75	2014-05-12 14:40:20	1	0	1	0
   21	2014-05-12 14:53:12	1	0	1	0
   89	2014-05-12 14:53:15	1	0	1	0
   86	2014-05-12 15:00:13	1	0	1	0
   82	2014-05-12 15:09:15	1	0	1	0
   83	2014-05-12 15:09:22	1	0	1	0
   51	2014-05-12 15:09:52	1	0	1	0
   77	2014-05-12 15:10:11	1	0	0	0
   50	2014-05-12 15:10:18	1	0	1	0
   47	2014-05-12 15:12:49	1	0	1	0
  109	2014-05-12 15:13:57	1	0	1	0
  113	2014-05-12 15:14:35	1	0	1	0
   58	2014-05-12 15:14:46	1	0	1	0
  112	2014-05-12 15:23:39	1	0	1	0
   60	2014-05-12 15:24:54	1	0	1	0
   46	2014-05-12 15:30:52	1	0	1	0
   72	2014-05-12 15:30:57	1	0	1	0
   62	2014-05-12 15:31:13	1	0	1	0
   76	2014-05-12 15:38:30	1	0	1	0
   87	2014-05-12 15:51:51	1	0	1	0
  108	2014-05-12 15:53:40	1	0	1	0
   81	2014-05-12 15:53:54	1	0	1	0
  110	2014-05-12 15:55:36	1	0	1	0
   24	2014-05-12 16:04:44	1	0	1	0
   91	2014-05-12 16:05:07	1	0	1	0
  106	2014-05-12 16:18:37	1	0	1	0
  114	2014-05-12 16:29:19	1	0	1	0
   93	2014-05-12 16:31:06	1	0	1	0
   56	2014-05-12 16:31:39	1	0	1	0
   71	2014-05-12 16:31:58	1	0	1	0
  105	2014-05-12 16:32:02	1	0	1	0
  121	2014-05-12 16:33:48	1	0	1	0
  102	2014-05-12 16:34:12	1	0	1	0
    8	2014-05-12 16:38:11	1	0	1	0
   43	2014-05-12 16:44:18	1	0	1	0
   48	2014-05-12 16:49:27	1	0	1	0
    4	2014-05-12 16:52:15	1	0	1	0
   49	2014-05-12 17:10:11	1	0	1	0
  103	2014-05-12 17:16:39	1	0	1	0
   17	2014-05-12 17:16:55	1	0	1	0
   22	2014-05-12 17:27:50	1	0	1	0
    3	2014-05-12 17:27:57	1	0	0	0
   33	2014-05-12 17:28:07	1	0	1	0
  111	2014-05-12 17:29:48	1	0	1	0
   88	2014-05-12 17:42:35	1	0	1	0
   84	2014-05-12 18:14:53	1	0	1	0
   73	2014-05-12 18:26:07	1	0	1	0
   88	2014-05-12 18:47:03	1	0	1	0
   88	2014-05-13 06:59:37	1	0	1	0
  103	2014-05-13 07:10:01	1	0	1	0
   61	2014-05-13 07:10:34	1	0	1	0
   48	2014-05-13 07:14:50	1	0	1	0
   18	2014-05-13 07:17:55	1	0	1	0
   22	2014-05-13 07:18:00	1	0	1	0
   79	2014-05-13 07:18:22	1	0	1	0
   79	2014-05-13 07:18:24	1	0	1	0
   83	2014-05-13 07:34:26	1	0	1	0
   81	2014-05-13 07:36:21	1	0	1	0
   19	2014-05-13 07:37:37	1	0	1	0
   86	2014-05-13 07:51:01	1	0	1	0
   43	2014-05-13 07:52:41	1	0	1	0
  104	2014-05-13 07:57:02	1	0	1	0
   72	2014-05-13 08:01:56	1	0	1	0
   21	2014-05-13 08:02:11	1	0	1	0
   21	2014-05-13 08:02:14	1	0	1	0
   33	2014-05-13 08:07:12	1	0	1	0
   82	2014-05-13 08:09:42	1	0	1	0
  112	2014-05-13 08:09:48	1	0	1	0
   35	2014-05-13 08:13:41	1	0	1	0
   60	2014-05-13 08:14:38	1	0	1	0
  107	2014-05-13 08:15:25	1	0	1	0
   47	2014-05-13 08:16:03	1	0	1	0
  113	2014-05-13 08:16:15	1	0	1	0
  110	2014-05-13 08:20:04	1	0	1	0
   20	2014-05-13 08:27:57	1	0	1	0
   20	2014-05-13 08:31:12	1	0	1	0
  105	2014-05-13 08:32:15	1	0	1	0
   76	2014-05-13 08:32:32	1	0	1	0
   55	2014-05-13 08:35:45	1	0	1	0
   49	2014-05-13 08:38:32	1	0	1	0
   66	2014-05-13 08:38:39	1	0	1	0
   87	2014-05-13 08:39:01	1	0	1	0
   91	2014-05-13 08:40:28	1	0	1	0
   84	2014-05-13 08:42:47	1	0	1	0
   77	2014-05-13 08:43:28	1	0	0	0
    1	2014-05-13 08:45:01	1	0	1	0
   29	2014-05-13 08:45:08	1	0	1	0
    4	2014-05-13 08:45:43	1	0	1	0
   41	2014-05-13 08:48:58	1	0	1	0
  111	2014-05-13 08:49:21	1	0	1	0
    3	2014-05-13 08:59:04	1	0	0	0
  121	2014-05-13 09:05:15	1	0	1	0
   71	2014-05-13 09:06:52	1	0	1	0
   24	2014-05-13 09:08:22	1	0	1	0
   50	2014-05-13 09:08:38	1	0	1	0
   34	2014-05-13 09:11:38	1	0	1	0
   56	2014-05-13 09:13:28	1	0	1	0
   46	2014-05-13 09:18:33	1	0	1	0
   17	2014-05-13 09:19:38	1	0	1	0
   51	2014-05-13 09:21:37	1	0	1	0
  108	2014-05-13 09:22:55	1	0	1	0
    8	2014-05-13 09:36:23	1	0	1	0
   73	2014-05-13 09:41:00	1	0	1	0
   94	2014-05-13 09:41:18	1	0	1	0
   54	2014-05-13 09:50:38	1	0	1	0
   98	2014-05-13 09:52:54	1	0	1	0
  106	2014-05-13 10:00:19	1	0	1	0
   92	2014-05-13 10:08:18	1	0	1	0
   62	2014-05-13 10:10:42	1	0	1	0
  114	2014-05-13 10:37:37	1	0	1	0
  102	2014-05-13 11:03:35	1	0	1	0
   26	2014-05-13 11:22:10	1	0	1	0
   52	2014-05-13 11:54:13	1	0	1	0
   94	2014-05-13 12:01:43	1	0	1	0
   74	2014-05-13 12:04:47	1	0	1	0
  106	2014-05-13 13:21:46	1	0	1	0
   48	2014-05-13 13:23:07	1	0	1	0
   66	2014-05-13 13:23:44	1	0	1	0
  107	2014-05-13 13:48:13	1	0	1	0
   54	2014-05-13 13:48:21	1	0	1	0
  104	2014-05-13 13:57:08	1	0	1	0
   35	2014-05-13 14:38:08	1	0	1	0
   34	2014-05-13 14:39:35	1	0	1	0
   18	2014-05-13 14:41:42	1	0	1	0
   83	2014-05-13 14:43:31	1	0	1	0
   82	2014-05-13 14:43:36	1	0	1	0
   50	2014-05-13 14:48:26	1	0	1	0
  108	2014-05-13 14:49:28	1	0	1	0
   79	2014-05-13 14:51:51	1	0	1	0
    8	2014-05-13 14:52:52	1	0	1	0
  102	2014-05-13 14:53:27	1	0	1	0
   24	2014-05-13 14:53:48	1	0	1	0
   47	2014-05-13 14:55:17	1	0	1	0
   86	2014-05-13 15:00:05	1	0	1	0
   52	2014-05-13 15:00:36	1	0	1	0
   71	2014-05-13 15:10:34	1	0	1	0
  114	2014-05-13 15:10:39	1	0	1	0
   62	2014-05-13 15:11:52	1	0	1	0
   72	2014-05-13 15:20:00	1	0	1	0
   60	2014-05-13 15:23:56	1	0	1	0
   76	2014-05-13 15:31:01	1	0	1	0
  105	2014-05-13 15:32:11	1	0	1	0
  113	2014-05-13 15:32:14	1	0	1	0
  112	2014-05-13 15:32:17	1	0	1	0
   46	2014-05-13 15:41:16	1	0	1	0
   87	2014-05-13 16:16:02	1	0	1	0
    3	2014-05-13 16:54:25	1	0	0	0
   49	2014-05-13 16:54:30	1	0	1	0
   33	2014-05-13 16:54:36	1	0	1	0
   22	2014-05-13 16:58:18	1	0	1	0
   56	2014-05-13 17:00:19	1	0	1	0
  121	2014-05-13 17:10:45	1	0	1	0
  103	2014-05-13 17:18:19	1	0	1	0
   81	2014-05-13 17:37:27	1	0	1	0
  110	2014-05-13 17:37:45	1	0	1	0
   93	2014-05-13 18:11:25	1	0	1	0
    1	2014-05-13 18:17:23	1	0	1	0
   88	2014-05-13 18:18:22	1	0	1	0
   17	2014-05-13 18:32:28	1	0	1	0
   29	2014-05-13 18:32:37	1	0	1	0
   84	2014-05-13 18:32:53	1	0	1	0
   79	2014-05-14 06:35:46	1	0	1	0
   88	2014-05-14 06:55:01	1	0	1	0
   48	2014-05-14 06:58:52	1	0	1	0
  103	2014-05-14 07:11:13	1	0	1	0
   61	2014-05-14 07:13:16	1	0	1	0
   18	2014-05-14 07:27:16	1	0	1	0
   22	2014-05-14 07:27:20	1	0	1	0
   13	2014-05-14 07:27:31	1	0	1	0
   81	2014-05-14 07:32:09	1	0	1	0
   47	2014-05-14 07:32:40	1	0	1	0
  111	2014-05-14 07:35:05	1	0	1	0
   60	2014-05-14 07:37:12	1	0	1	0
   19	2014-05-14 07:43:29	1	0	1	0
   35	2014-05-14 07:44:13	1	0	1	0
   86	2014-05-14 07:47:22	1	0	1	0
   29	2014-05-14 07:49:02	1	0	1	0
  104	2014-05-14 07:49:22	1	0	1	0
   14	2014-05-14 07:50:58	1	0	1	0
   93	2014-05-14 07:52:24	1	0	1	0
  113	2014-05-14 07:58:59	1	0	1	0
  110	2014-05-14 08:01:19	1	0	1	0
   84	2014-05-14 08:05:34	1	0	1	0
   58	2014-05-14 08:06:01	1	0	1	0
   33	2014-05-14 08:06:43	1	0	1	0
   21	2014-05-14 08:07:05	1	0	1	0
   21	2014-05-14 08:07:13	1	0	1	0
   82	2014-05-14 08:08:18	1	0	1	0
  105	2014-05-14 08:15:15	1	0	1	0
   51	2014-05-14 08:20:24	1	0	1	0
   41	2014-05-14 08:21:06	1	0	1	0
  109	2014-05-14 08:22:20	1	0	1	0
   74	2014-05-14 08:26:47	1	0	1	0
   74	2014-05-14 08:26:49	1	0	1	0
  112	2014-05-14 08:37:17	1	0	1	0
   87	2014-05-14 08:37:43	1	0	1	0
   34	2014-05-14 08:39:10	1	0	1	0
    4	2014-05-14 08:39:25	1	0	1	0
   49	2014-05-14 08:43:58	1	0	1	0
   72	2014-05-14 08:44:17	1	0	1	0
   43	2014-05-14 08:45:02	1	0	1	0
   46	2014-05-14 08:51:24	1	0	1	0
  121	2014-05-14 08:56:06	1	0	1	0
   77	2014-05-14 08:59:01	1	0	0	0
   71	2014-05-14 08:59:48	1	0	1	0
   17	2014-05-14 09:00:14	1	0	1	0
   50	2014-05-14 09:02:15	1	0	1	0
   44	2014-05-14 09:04:38	1	0	1	0
   56	2014-05-14 09:08:27	1	0	1	0
   24	2014-05-14 09:08:32	1	0	1	0
    3	2014-05-14 09:13:53	1	0	0	0
   55	2014-05-14 09:22:26	1	0	1	0
  106	2014-05-14 09:29:56	1	0	1	0
   94	2014-05-14 09:34:02	1	0	1	0
   76	2014-05-14 09:34:58	1	0	1	0
   62	2014-05-14 09:41:34	1	0	1	0
  114	2014-05-14 09:42:37	1	0	1	0
  108	2014-05-14 09:43:57	1	0	1	0
   66	2014-05-14 09:49:08	1	0	1	0
   75	2014-05-14 10:16:30	1	0	1	0
   94	2014-05-14 11:24:18	1	0	1	0
   92	2014-05-14 11:25:51	1	0	1	0
  102	2014-05-14 13:03:04	1	0	1	0
   52	2014-05-14 13:05:01	1	0	1	0
   18	2014-05-14 14:38:21	1	0	1	0
   35	2014-05-14 14:44:02	1	0	1	0
   52	2014-05-14 14:52:46	1	0	1	0
   78	2014-05-14 14:53:12	1	0	1	0
   86	2014-05-14 15:00:59	1	0	1	0
   50	2014-05-14 15:05:09	1	0	1	0
   77	2014-05-14 15:05:17	1	0	0	0
   34	2014-05-14 15:05:29	1	0	1	0
   46	2014-05-14 15:07:15	1	0	1	0
  105	2014-05-14 15:08:32	1	0	1	0
   62	2014-05-14 15:11:25	1	0	1	0
   75	2014-05-14 15:12:25	1	0	1	0
  109	2014-05-14 15:16:47	1	0	1	0
  108	2014-05-14 15:20:22	1	0	1	0
    8	2014-05-14 15:25:59	1	0	1	0
    8	2014-05-14 15:26:02	1	0	1	0
  104	2014-05-14 15:27:46	1	0	1	0
   87	2014-05-14 15:31:34	1	0	1	0
  106	2014-05-14 15:32:24	1	0	1	0
  113	2014-05-14 15:38:02	1	0	1	0
   61	2014-05-14 15:41:46	1	0	1	0
  102	2014-05-14 15:41:52	1	0	1	0
   76	2014-05-14 15:53:12	1	0	1	0
   81	2014-05-14 16:07:36	1	0	1	0
   56	2014-05-14 16:17:01	1	0	1	0
   71	2014-05-14 16:21:59	1	0	1	0
  114	2014-05-14 16:22:05	1	0	1	0
  103	2014-05-14 16:32:06	1	0	1	0
    3	2014-05-14 16:43:47	1	0	0	0
  121	2014-05-14 16:44:08	1	0	1	0
   44	2014-05-14 17:25:03	1	0	1	0
    4	2014-05-14 17:26:22	1	0	1	0
   33	2014-05-14 17:29:09	1	0	1	0
   22	2014-05-14 17:29:13	1	0	1	0
   49	2014-05-14 17:29:18	1	0	1	0
  111	2014-05-14 17:29:30	1	0	1	0
   43	2014-05-14 17:40:08	1	0	1	0
  110	2014-05-14 17:44:45	1	0	1	0
   88	2014-05-14 18:05:58	1	0	1	0
   17	2014-05-14 18:12:07	1	0	1	0
   84	2014-05-14 18:12:38	1	0	1	0
   29	2014-05-14 18:12:42	1	0	1	0
   48	2014-05-16 07:02:48	1	0	1	0
  105	2014-05-16 07:13:47	1	0	1	0
   88	2014-05-16 07:15:27	1	0	1	0
   60	2014-05-16 07:18:33	1	0	1	0
   79	2014-05-16 07:18:50	1	0	1	0
   46	2014-05-16 07:24:01	1	0	1	0
   18	2014-05-16 07:24:46	1	0	1	0
   22	2014-05-16 07:26:23	1	0	1	0
   83	2014-05-16 07:26:29	1	0	1	0
   61	2014-05-16 07:32:30	1	0	1	0
   19	2014-05-16 07:33:28	1	0	1	0
   86	2014-05-16 07:35:53	1	0	1	0
   29	2014-05-16 07:37:38	1	0	1	0
   24	2014-05-16 07:38:28	1	0	1	0
    4	2014-05-16 07:41:26	1	0	1	0
  103	2014-05-16 07:42:13	1	0	1	0
   43	2014-05-16 07:56:21	1	0	1	0
   69	2014-05-16 07:56:49	1	0	1	0
  111	2014-05-16 07:59:28	1	0	1	0
   20	2014-05-16 07:59:42	1	0	1	0
   87	2014-05-16 08:02:24	1	0	1	0
   82	2014-05-16 08:06:09	1	0	1	0
   21	2014-05-16 08:08:44	1	0	1	0
   33	2014-05-16 08:12:13	1	0	1	0
  110	2014-05-16 08:13:10	1	0	1	0
   76	2014-05-16 08:15:11	1	0	1	0
   81	2014-05-16 08:15:19	1	0	1	0
    1	2014-05-16 08:19:33	1	0	1	0
   35	2014-05-16 08:26:04	1	0	1	0
  114	2014-05-16 08:28:51	1	0	1	0
   62	2014-05-16 08:31:07	1	0	1	0
   98	2014-05-16 08:32:16	1	0	1	0
   73	2014-05-16 08:33:30	1	0	1	0
   51	2014-05-16 08:36:42	1	0	1	0
   91	2014-05-16 08:37:32	1	0	1	0
  108	2014-05-16 08:39:38	1	0	1	0
  112	2014-05-16 08:43:28	1	0	1	0
   75	2014-05-16 08:43:55	1	0	1	0
  113	2014-05-16 09:03:00	1	0	1	0
   84	2014-05-16 09:04:17	1	0	1	0
   71	2014-05-16 09:04:22	1	0	1	0
   50	2014-05-16 09:07:10	1	0	1	0
    3	2014-05-16 09:10:11	1	0	0	0
   14	2014-05-16 09:13:35	1	0	1	0
   77	2014-05-16 09:14:47	1	0	0	0
   56	2014-05-16 09:23:11	1	0	1	0
   17	2014-05-16 09:24:00	1	0	1	0
   41	2014-05-16 09:34:21	1	0	1	0
   93	2014-05-16 09:37:55	1	0	1	0
   34	2014-05-16 09:38:06	1	0	1	0
  106	2014-05-16 09:47:40	1	0	1	0
   74	2014-05-16 09:58:01	1	0	1	0
  109	2014-05-16 10:04:18	1	0	1	0
  102	2014-05-16 10:24:06	1	0	1	0
   92	2014-05-16 10:29:44	1	0	1	0
  121	2014-05-16 10:32:03	1	0	1	0
   26	2014-05-16 10:46:18	1	0	1	0
   58	2014-05-16 11:02:40	1	0	1	0
    8	2014-05-16 11:28:08	1	0	1	0
   87	2014-05-16 12:22:27	1	0	1	0
   83	2014-05-16 12:58:19	1	0	1	0
   48	2014-05-16 13:20:16	1	0	1	0
   18	2014-05-16 13:30:12	1	0	1	0
   91	2014-05-16 13:56:08	1	0	1	0
   20	2014-05-16 14:30:23	1	0	1	0
  102	2014-05-16 14:30:56	1	0	1	0
   26	2014-05-16 14:52:50	1	0	1	0
   92	2014-05-16 14:54:34	1	0	1	0
   86	2014-05-16 15:00:14	1	0	1	0
  112	2014-05-16 15:09:34	1	0	1	0
  113	2014-05-16 15:09:38	1	0	1	0
   62	2014-05-16 15:20:59	1	0	1	0
   79	2014-05-16 15:21:58	1	0	1	0
   77	2014-05-16 15:33:02	1	0	0	0
   50	2014-05-16 15:35:12	1	0	1	0
  105	2014-05-16 15:36:50	1	0	1	0
  108	2014-05-16 15:39:17	1	0	1	0
   43	2014-05-16 15:43:36	1	0	1	0
   48	2014-05-16 15:47:44	1	0	1	0
  106	2014-05-16 16:11:56	1	0	1	0
   14	2014-05-16 16:13:00	1	0	1	0
   93	2014-05-16 16:14:10	1	0	1	0
    8	2014-05-16 16:14:14	1	0	1	0
   46	2014-05-16 16:44:02	1	0	1	0
   60	2014-05-16 16:50:55	1	0	1	0
   75	2014-05-16 17:06:58	1	0	1	0
  110	2014-05-16 17:08:47	1	0	1	0
   76	2014-05-16 17:08:51	1	0	1	0
  109	2014-05-16 17:16:28	1	0	1	0
   52	2014-05-16 17:17:51	1	0	1	0
   58	2014-05-16 17:26:16	1	0	1	0
   19	2014-05-16 17:27:04	1	0	1	0
    3	2014-05-16 17:41:46	1	0	0	0
   33	2014-05-16 17:47:12	1	0	1	0
   22	2014-05-16 17:47:15	1	0	1	0
  103	2014-05-16 17:47:56	1	0	1	0
  111	2014-05-16 17:49:19	1	0	1	0
   81	2014-05-16 17:56:20	1	0	1	0
   34	2014-05-16 18:14:31	1	0	1	0
   61	2014-05-16 18:14:41	1	0	1	0
    4	2014-05-16 18:16:26	1	0	1	0
   56	2014-05-16 18:28:44	1	0	1	0
  121	2014-05-16 18:29:33	1	0	1	0
   71	2014-05-16 18:29:56	1	0	1	0
  114	2014-05-16 18:30:12	1	0	1	0
   17	2014-05-16 18:56:01	1	0	1	0
   29	2014-05-16 18:56:25	1	0	1	0
   88	2014-05-16 19:14:04	1	0	1	0
   70	2014-05-19 06:08:12	1	0	1	0
   88	2014-05-19 06:42:38	1	0	1	0
   43	2014-05-19 06:50:48	1	0	1	0
   60	2014-05-19 06:54:41	1	0	1	0
   33	2014-05-19 06:55:28	1	0	1	0
   47	2014-05-19 06:57:23	1	0	1	0
   29	2014-05-19 06:59:48	1	0	1	0
  107	2014-05-19 07:04:50	1	0	1	0
   83	2014-05-19 07:05:40	1	0	1	0
   18	2014-05-19 07:07:56	1	0	1	0
  104	2014-05-19 07:10:35	1	0	1	0
  111	2014-05-19 07:13:32	1	0	1	0
  113	2014-05-19 07:17:42	1	0	1	0
   77	2014-05-19 07:19:55	1	0	0	0
   50	2014-05-19 07:20:02	1	0	1	0
   51	2014-05-19 07:20:15	1	0	1	0
   19	2014-05-19 07:20:19	1	0	1	0
   20	2014-05-19 07:20:42	1	0	1	0
   14	2014-05-19 07:20:46	1	0	1	0
   81	2014-05-19 07:20:59	1	0	1	0
   49	2014-05-19 07:22:53	1	0	1	0
   55	2014-05-19 07:25:36	1	0	1	0
   69	2014-05-19 07:26:48	1	0	1	0
   17	2014-05-19 07:28:38	1	0	1	0
   35	2014-05-19 07:33:10	1	0	1	0
   61	2014-05-19 07:33:45	1	0	1	0
   58	2014-05-19 07:37:30	1	0	1	0
   86	2014-05-19 07:39:13	1	0	1	0
  110	2014-05-19 07:40:26	1	0	1	0
    4	2014-05-19 07:43:54	1	0	1	0
   24	2014-05-19 07:51:36	1	0	1	0
   21	2014-05-19 07:52:45	1	0	1	0
   71	2014-05-19 07:52:54	1	0	1	0
  121	2014-05-19 07:57:50	1	0	1	0
   34	2014-05-19 07:57:58	1	0	1	0
   82	2014-05-19 07:58:38	1	0	1	0
   56	2014-05-19 07:58:45	1	0	1	0
  112	2014-05-19 08:00:16	1	0	1	0
   46	2014-05-19 08:01:59	1	0	1	0
  108	2014-05-19 08:02:39	1	0	1	0
  109	2014-05-19 08:02:43	1	0	1	0
   62	2014-05-19 08:03:51	1	0	1	0
    1	2014-05-19 08:03:56	1	0	1	0
   41	2014-05-19 08:08:35	1	0	1	0
  105	2014-05-19 08:08:41	1	0	1	0
   84	2014-05-19 08:09:23	1	0	1	0
   44	2014-05-19 08:12:22	1	0	1	0
   72	2014-05-19 08:13:38	1	0	1	0
   73	2014-05-19 08:13:49	1	0	1	0
   93	2014-05-19 08:16:35	1	0	1	0
    3	2014-05-19 08:20:33	1	0	0	0
  103	2014-05-19 08:26:45	1	0	1	0
   74	2014-05-19 08:38:41	1	0	1	0
   91	2014-05-19 08:50:07	1	0	1	0
  102	2014-05-19 08:58:48	1	0	1	0
  114	2014-05-19 09:09:43	1	0	1	0
   26	2014-05-19 09:47:23	1	0	1	0
  106	2014-05-19 09:57:17	1	0	1	0
   52	2014-05-19 10:13:34	1	0	1	0
   92	2014-05-19 10:24:07	1	0	1	0
    8	2014-05-19 11:13:17	1	0	1	0
   22	2014-05-19 12:18:47	1	0	1	0
   26	2014-05-19 14:34:18	1	0	1	0
  107	2014-05-19 14:34:27	1	0	1	0
   18	2014-05-19 14:36:37	1	0	1	0
   34	2014-05-19 14:36:45	1	0	1	0
   35	2014-05-19 14:38:33	1	0	1	0
   91	2014-05-19 14:42:04	1	0	1	0
   70	2014-05-19 14:42:10	1	0	1	0
   24	2014-05-19 14:45:41	1	0	1	0
   20	2014-05-19 14:51:40	1	0	1	0
   86	2014-05-19 15:00:07	1	0	1	0
   50	2014-05-19 15:00:18	1	0	1	0
   77	2014-05-19 15:00:32	1	0	0	0
  104	2014-05-19 15:03:52	1	0	1	0
  112	2014-05-19 15:11:57	1	0	1	0
   82	2014-05-19 15:13:29	1	0	1	0
   83	2014-05-19 15:13:38	1	0	1	0
   46	2014-05-19 15:16:16	1	0	1	0
   19	2014-05-19 15:17:53	1	0	1	0
   62	2014-05-19 15:28:21	1	0	1	0
   47	2014-05-19 15:34:18	1	0	1	0
   52	2014-05-19 15:36:28	1	0	1	0
   58	2014-05-19 15:36:36	1	0	1	0
  106	2014-05-19 16:05:50	1	0	1	0
   43	2014-05-19 16:07:23	1	0	1	0
  113	2014-05-19 16:22:47	1	0	1	0
  108	2014-05-19 16:32:20	1	0	1	0
   93	2014-05-19 16:43:34	1	0	1	0
  102	2014-05-19 16:45:08	1	0	1	0
   60	2014-05-19 16:45:42	1	0	1	0
   56	2014-05-19 16:46:06	1	0	1	0
   81	2014-05-19 17:06:25	1	0	1	0
  109	2014-05-19 17:13:47	1	0	1	0
  114	2014-05-19 17:19:21	1	0	1	0
   71	2014-05-19 17:19:30	1	0	1	0
  103	2014-05-19 17:21:39	1	0	1	0
   33	2014-05-19 17:28:39	1	0	1	0
   22	2014-05-19 17:28:42	1	0	1	0
  110	2014-05-19 17:30:20	1	0	1	0
  120	2014-05-19 17:56:23	1	0	1	0
   49	2014-05-19 17:57:39	1	0	1	0
   73	2014-05-19 17:57:45	1	0	1	0
   14	2014-05-19 18:17:09	1	0	1	0
    3	2014-05-19 18:37:03	1	0	0	0
  111	2014-05-19 18:38:36	1	0	1	0
    4	2014-05-19 19:02:14	1	0	1	0
   17	2014-05-19 19:32:02	1	0	1	0
  121	2014-05-19 19:53:18	1	0	1	0
   29	2014-05-19 20:04:29	1	0	1	0
   84	2014-05-19 21:06:51	1	0	1	0
   88	2014-05-19 21:45:14	1	0	1	0
   88	2014-05-19 21:58:30	1	0	1	0
   88	2014-05-20 05:48:39	1	0	1	0
   83	2014-05-20 07:18:29	1	0	1	0
   18	2014-05-20 07:26:37	1	0	1	0
  103	2014-05-20 07:30:59	1	0	1	0
   81	2014-05-20 07:39:32	1	0	1	0
  105	2014-05-20 07:49:51	1	0	1	0
   86	2014-05-20 07:50:58	1	0	1	0
  107	2014-05-20 07:51:33	1	0	1	0
   69	2014-05-20 07:53:41	1	0	1	0
   20	2014-05-20 07:58:09	1	0	1	0
   19	2014-05-20 07:59:14	1	0	1	0
   21	2014-05-20 07:59:36	1	0	1	0
   82	2014-05-20 08:16:21	1	0	1	0
   60	2014-05-20 08:18:39	1	0	1	0
  110	2014-05-20 08:27:39	1	0	1	0
   35	2014-05-20 08:29:06	1	0	1	0
   77	2014-05-20 08:33:45	1	0	0	0
  113	2014-05-20 08:35:00	1	0	1	0
   47	2014-05-20 08:36:53	1	0	1	0
  112	2014-05-20 08:37:44	1	0	1	0
   14	2014-05-20 08:41:14	1	0	1	0
  104	2014-05-20 08:42:50	1	0	1	0
   61	2014-05-20 08:43:05	1	0	1	0
  108	2014-05-20 08:57:30	1	0	1	0
    3	2014-05-20 08:58:37	1	0	0	0
   50	2014-05-20 09:00:26	1	0	1	0
   29	2014-05-20 09:03:28	1	0	1	0
   71	2014-05-20 09:09:07	1	0	1	0
  114	2014-05-20 09:10:02	1	0	1	0
   93	2014-05-20 09:12:08	1	0	1	0
    4	2014-05-20 09:12:23	1	0	1	0
   87	2014-05-20 09:13:10	1	0	1	0
   74	2014-05-20 09:18:43	1	0	1	0
   92	2014-05-20 09:18:46	1	0	1	0
   49	2014-05-20 09:19:09	1	0	1	0
  121	2014-05-20 09:21:35	1	0	1	0
   34	2014-05-20 09:22:20	1	0	1	0
   72	2014-05-20 09:25:52	1	0	1	0
   84	2014-05-20 09:30:45	1	0	1	0
   62	2014-05-20 09:34:41	1	0	1	0
   51	2014-05-20 09:36:11	1	0	1	0
   17	2014-05-20 09:36:18	1	0	1	0
   73	2014-05-20 09:42:10	1	0	1	0
   22	2014-05-20 09:47:27	1	0	1	0
  111	2014-05-20 09:47:30	1	0	1	0
   33	2014-05-20 09:47:36	1	0	1	0
   91	2014-05-20 09:48:32	1	0	1	0
   56	2014-05-20 09:52:11	1	0	1	0
   46	2014-05-20 10:06:05	1	0	1	0
   58	2014-05-20 10:31:52	1	0	1	0
   26	2014-05-20 11:18:58	1	0	1	0
    8	2014-05-20 11:40:20	1	0	1	0
   52	2014-05-20 12:00:21	1	0	1	0
   78	2014-05-20 12:00:27	1	0	1	0
   44	2014-05-20 12:21:24	1	0	1	0
  107	2014-05-20 14:30:24	1	0	1	0
   87	2014-05-20 14:45:49	1	0	1	0
   51	2014-05-20 14:46:04	1	0	1	0
   20	2014-05-20 14:46:46	1	0	1	0
   34	2014-05-20 14:50:32	1	0	1	0
   82	2014-05-20 14:59:39	1	0	1	0
   50	2014-05-20 15:00:29	1	0	1	0
   73	2014-05-20 15:02:59	1	0	1	0
  102	2014-05-20 15:03:06	1	0	1	0
  102	2014-05-20 15:03:17	1	0	1	0
   73	2014-05-20 15:03:41	1	0	1	0
   61	2014-05-20 15:03:46	1	0	1	0
   18	2014-05-20 15:04:37	1	0	1	0
   83	2014-05-20 15:04:46	1	0	1	0
   68	2014-05-20 15:05:00	1	0	1	0
   86	2014-05-20 15:05:40	1	0	1	0
   91	2014-05-20 15:35:56	1	0	1	0
   26	2014-05-20 15:36:01	1	0	1	0
   46	2014-05-20 15:40:31	1	0	1	0
  104	2014-05-20 15:54:08	1	0	1	0
   58	2014-05-20 15:57:33	1	0	1	0
  113	2014-05-20 15:59:30	1	0	1	0
  112	2014-05-20 16:00:36	1	0	1	0
   52	2014-05-20 16:00:54	1	0	1	0
   88	2014-05-20 16:05:50	1	0	1	0
  108	2014-05-20 16:08:19	1	0	1	0
   78	2014-05-20 16:10:05	1	0	1	0
   93	2014-05-20 16:11:53	1	0	1	0
    8	2014-05-20 16:12:01	1	0	1	0
   44	2014-05-20 16:17:27	1	0	1	0
   62	2014-05-20 16:22:52	1	0	1	0
   72	2014-05-20 16:32:45	1	0	1	0
   72	2014-05-20 16:35:05	1	0	1	0
  110	2014-05-20 16:35:26	1	0	1	0
   81	2014-05-20 16:35:32	1	0	1	0
  114	2014-05-20 17:26:25	1	0	1	0
  121	2014-05-20 17:29:09	1	0	1	0
   71	2014-05-20 17:29:15	1	0	1	0
   56	2014-05-20 17:29:23	1	0	1	0
  105	2014-05-20 17:46:35	1	0	1	0
   49	2014-05-20 17:47:35	1	0	1	0
   60	2014-05-20 18:00:48	1	0	1	0
    3	2014-05-20 18:04:11	1	0	0	0
  103	2014-05-20 18:09:32	1	0	1	0
   33	2014-05-20 18:09:40	1	0	1	0
   22	2014-05-20 18:09:49	1	0	1	0
  111	2014-05-20 18:11:25	1	0	1	0
   17	2014-05-20 19:00:54	1	0	1	0
   29	2014-05-20 19:02:35	1	0	1	0
   88	2014-05-21 06:00:05	1	0	1	0
   60	2014-05-21 06:42:31	1	0	1	0
   18	2014-05-21 07:18:06	1	0	1	0
   78	2014-05-21 07:30:37	1	0	1	0
   47	2014-05-21 07:36:27	1	0	1	0
   81	2014-05-21 07:38:45	1	0	1	0
  103	2014-05-21 07:42:23	1	0	1	0
   86	2014-05-21 07:50:34	1	0	1	0
   69	2014-05-21 08:05:22	1	0	1	0
   21	2014-05-21 08:06:07	1	0	1	0
   82	2014-05-21 08:11:51	1	0	1	0
   72	2014-05-21 08:15:14	1	0	1	0
   35	2014-05-21 08:19:30	1	0	1	0
   19	2014-05-21 08:20:15	1	0	1	0
   41	2014-05-21 08:22:30	1	0	1	0
  105	2014-05-21 08:23:18	1	0	1	0
  110	2014-05-21 08:29:27	1	0	1	0
   66	2014-05-21 08:31:33	1	0	1	0
   34	2014-05-21 08:41:52	1	0	1	0
    3	2014-05-21 08:42:47	1	0	0	0
  104	2014-05-21 08:43:48	1	0	1	0
  112	2014-05-21 08:43:56	1	0	1	0
   61	2014-05-21 08:44:27	1	0	1	0
   49	2014-05-21 08:45:24	1	0	1	0
  107	2014-05-21 08:46:22	1	0	1	0
  114	2014-05-21 08:47:23	1	0	1	0
   29	2014-05-21 08:49:36	1	0	1	0
   50	2014-05-21 09:03:21	1	0	1	0
   22	2014-05-21 09:05:48	1	0	1	0
   33	2014-05-21 09:05:56	1	0	1	0
   14	2014-05-21 09:06:21	1	0	1	0
  111	2014-05-21 09:08:14	1	0	1	0
   71	2014-05-21 09:08:32	1	0	1	0
   73	2014-05-21 09:15:59	1	0	1	0
   17	2014-05-21 09:23:28	1	0	1	0
  113	2014-05-21 09:24:49	1	0	1	0
   87	2014-05-21 09:25:25	1	0	1	0
  102	2014-05-21 09:25:36	1	0	1	0
   91	2014-05-21 09:27:41	1	0	1	0
  108	2014-05-21 09:29:06	1	0	1	0
    4	2014-05-21 09:38:09	1	0	1	0
   46	2014-05-21 09:39:30	1	0	1	0
  101	2014-05-21 09:41:33	1	0	1	0
   93	2014-05-21 09:43:23	1	0	1	0
   77	2014-05-21 09:55:33	1	0	0	0
  121	2014-05-21 09:57:41	1	0	1	0
   98	2014-05-21 09:58:15	1	0	1	0
   51	2014-05-21 10:02:56	1	0	1	0
  109	2014-05-21 10:10:20	1	0	1	0
   56	2014-05-21 10:33:03	1	0	1	0
   24	2014-05-21 10:45:02	1	0	1	0
   76	2014-05-21 10:47:58	1	0	1	0
   44	2014-05-21 11:10:37	1	0	1	0
   20	2014-05-21 11:20:45	1	0	1	0
   58	2014-05-21 11:21:32	1	0	1	0
   55	2014-05-21 11:36:08	1	0	1	0
   68	2014-05-21 11:44:51	1	0	1	0
  102	2014-05-21 11:44:58	1	0	1	0
   52	2014-05-21 11:45:06	1	0	1	0
   58	2014-05-21 14:25:40	1	0	1	0
  107	2014-05-21 14:39:40	1	0	1	0
   24	2014-05-21 14:40:35	1	0	1	0
   47	2014-05-21 14:46:22	1	0	1	0
  104	2014-05-21 14:46:46	1	0	1	0
   52	2014-05-21 14:53:59	1	0	1	0
   86	2014-05-21 15:00:05	1	0	1	0
  109	2014-05-21 15:00:53	1	0	1	0
  112	2014-05-21 15:03:32	1	0	1	0
   78	2014-05-21 15:03:53	1	0	1	0
   77	2014-05-21 15:05:30	1	0	0	0
   50	2014-05-21 15:05:45	1	0	1	0
  113	2014-05-21 15:06:43	1	0	1	0
   20	2014-05-21 15:07:10	1	0	1	0
   14	2014-05-21 15:08:51	1	0	1	0
   46	2014-05-21 15:09:26	1	0	1	0
   93	2014-05-21 15:40:29	1	0	1	0
    3	2014-05-21 15:41:00	1	0	0	0
   61	2014-05-21 15:45:26	1	0	1	0
   66	2014-05-21 16:32:04	1	0	1	0
   87	2014-05-21 17:19:53	1	0	1	0
  114	2014-05-21 17:22:20	1	0	1	0
   81	2014-05-21 17:22:36	1	0	1	0
  110	2014-05-21 17:22:50	1	0	1	0
   22	2014-05-21 17:26:56	1	0	1	0
   49	2014-05-21 17:26:59	1	0	1	0
   33	2014-05-21 17:27:20	1	0	1	0
  111	2014-05-21 17:27:25	1	0	1	0
   73	2014-05-21 17:27:34	1	0	1	0
  103	2014-05-21 17:27:54	1	0	1	0
   44	2014-05-21 17:28:00	1	0	1	0
   71	2014-05-21 17:28:16	1	0	1	0
  105	2014-05-21 17:28:21	1	0	1	0
  121	2014-05-21 17:28:26	1	0	1	0
   76	2014-05-21 17:30:52	1	0	1	0
   56	2014-05-21 17:38:37	1	0	1	0
   72	2014-05-21 17:38:45	1	0	1	0
   17	2014-05-21 17:54:38	1	0	1	0
   29	2014-05-21 17:54:52	1	0	1	0
  108	2014-05-21 17:59:00	1	0	1	0
   34	2014-05-21 18:03:49	1	0	1	0
   35	2014-05-21 18:13:34	1	0	1	0
    4	2014-05-21 18:13:51	1	0	1	0
   88	2014-05-21 18:40:14	1	0	1	0
   83	2014-05-22 07:19:17	1	0	1	0
   81	2014-05-22 07:47:14	1	0	1	0
   86	2014-05-22 07:47:23	1	0	1	0
   60	2014-05-22 07:48:36	1	0	1	0
   88	2014-05-22 07:50:44	1	0	1	0
   89	2014-05-22 07:57:58	1	0	1	0
   89	2014-05-22 07:58:00	1	0	1	0
   69	2014-05-22 07:59:48	1	0	1	0
  101	2014-05-22 08:00:42	1	0	1	0
   21	2014-05-22 08:04:09	1	0	1	0
  110	2014-05-22 08:07:59	1	0	1	0
  121	2014-05-22 08:15:38	1	0	1	0
  105	2014-05-22 08:15:45	1	0	1	0
   82	2014-05-22 08:16:48	1	0	1	0
   76	2014-05-22 08:18:03	1	0	1	0
   72	2014-05-22 08:22:37	1	0	1	0
  104	2014-05-22 08:33:18	1	0	1	0
   14	2014-05-22 08:38:15	1	0	1	0
   41	2014-05-22 08:43:53	1	0	1	0
   87	2014-05-22 08:50:13	1	0	1	0
   50	2014-05-22 08:51:00	1	0	1	0
   56	2014-05-22 08:51:33	1	0	1	0
  112	2014-05-22 08:56:22	1	0	1	0
   70	2014-05-22 08:56:40	1	0	1	0
   66	2014-05-22 09:00:28	1	0	1	0
   29	2014-05-22 09:01:19	1	0	1	0
  108	2014-05-22 09:10:46	1	0	1	0
   71	2014-05-22 09:11:22	1	0	1	0
   51	2014-05-22 09:14:57	1	0	1	0
   77	2014-05-22 09:15:07	1	0	0	0
   46	2014-05-22 09:20:49	1	0	1	0
  114	2014-05-22 09:21:25	1	0	1	0
  113	2014-05-22 09:26:00	1	0	1	0
   17	2014-05-22 09:45:36	1	0	1	0
   62	2014-05-22 09:45:45	1	0	1	0
   74	2014-05-22 10:08:03	1	0	1	0
   20	2014-05-22 10:14:24	1	0	1	0
   93	2014-05-22 10:18:07	1	0	1	0
   98	2014-05-22 10:20:52	1	0	1	0
   24	2014-05-22 10:26:34	1	0	1	0
   78	2014-05-22 11:20:37	1	0	1	0
   91	2014-05-22 11:23:54	1	0	1	0
   26	2014-05-22 12:10:16	1	0	1	0
   83	2014-05-22 14:07:40	1	0	1	0
   74	2014-05-22 14:28:19	1	0	1	0
  108	2014-05-22 14:40:33	1	0	1	0
   93	2014-05-22 15:02:16	1	0	1	0
   26	2014-05-22 15:02:20	1	0	1	0
   51	2014-05-22 15:05:05	1	0	1	0
   78	2014-05-22 15:06:32	1	0	1	0
  104	2014-05-22 15:07:37	1	0	1	0
   24	2014-05-22 15:20:42	1	0	1	0
   70	2014-05-22 15:20:51	1	0	1	0
   91	2014-05-22 15:20:54	1	0	1	0
   46	2014-05-22 15:22:50	1	0	1	0
   14	2014-05-22 15:23:00	1	0	1	0
   77	2014-05-22 15:23:07	1	0	0	0
  113	2014-05-22 15:24:05	1	0	1	0
   50	2014-05-22 15:24:09	1	0	1	0
   86	2014-05-22 15:28:46	1	0	1	0
   60	2014-05-22 15:41:06	1	0	1	0
   66	2014-05-22 16:05:17	1	0	1	0
   87	2014-05-22 16:06:01	1	0	1	0
   72	2014-05-22 16:08:29	1	0	1	0
   76	2014-05-22 16:12:38	1	0	1	0
   44	2014-05-22 16:52:30	1	0	1	0
   56	2014-05-22 17:08:32	1	0	1	0
  121	2014-05-22 17:08:37	1	0	1	0
   71	2014-05-22 17:08:42	1	0	1	0
   81	2014-05-22 17:31:53	1	0	1	0
  110	2014-05-22 17:32:10	1	0	1	0
   88	2014-05-22 17:53:58	1	0	1	0
   62	2014-05-22 18:01:50	1	0	1	0
  114	2014-05-22 18:29:50	1	0	1	0
  105	2014-05-22 18:43:21	1	0	1	0
   29	2014-05-22 18:54:27	1	0	1	0
   17	2014-05-22 18:54:31	1	0	1	0
   70	2014-05-23 06:25:42	1	0	1	0
   88	2014-05-23 07:16:44	1	0	1	0
   76	2014-05-23 07:42:44	1	0	1	0
   72	2014-05-23 07:43:30	1	0	1	0
   86	2014-05-23 07:44:34	1	0	1	0
   83	2014-05-23 07:46:28	1	0	1	0
   69	2014-05-23 07:47:55	1	0	1	0
   81	2014-05-23 08:00:15	1	0	1	0
   21	2014-05-23 08:00:42	1	0	1	0
   74	2014-05-23 08:06:12	1	0	1	0
   78	2014-05-23 08:06:51	1	0	1	0
   82	2014-05-23 08:08:14	1	0	1	0
   41	2014-05-23 08:13:04	1	0	1	0
   93	2014-05-23 08:14:23	1	0	1	0
  110	2014-05-23 08:19:04	1	0	1	0
  105	2014-05-23 08:20:18	1	0	1	0
   77	2014-05-23 08:27:22	1	0	0	0
   56	2014-05-23 08:33:46	1	0	1	0
  114	2014-05-23 08:37:07	1	0	1	0
   50	2014-05-23 08:40:58	1	0	1	0
  104	2014-05-23 08:45:03	1	0	1	0
   14	2014-05-23 08:45:20	1	0	1	0
  121	2014-05-23 08:46:56	1	0	1	0
   20	2014-05-23 08:50:56	1	0	1	0
   71	2014-05-23 08:57:43	1	0	1	0
  112	2014-05-23 09:00:55	1	0	1	0
   29	2014-05-23 09:02:41	1	0	1	0
   84	2014-05-23 09:17:29	1	0	1	0
  113	2014-05-23 09:17:59	1	0	1	0
  108	2014-05-23 09:19:26	1	0	1	0
   26	2014-05-23 09:22:08	1	0	1	0
   46	2014-05-23 09:24:59	1	0	1	0
    6	2014-05-23 09:26:27	1	0	1	0
   91	2014-05-23 09:27:24	1	0	1	0
   62	2014-05-23 09:34:53	1	0	1	0
   51	2014-05-23 09:35:06	1	0	1	0
   17	2014-05-23 09:38:38	1	0	1	0
   24	2014-05-23 09:47:06	1	0	1	0
   66	2014-05-23 09:47:49	1	0	1	0
   92	2014-05-23 09:48:14	1	0	1	0
   60	2014-05-23 10:08:56	1	0	1	0
   98	2014-05-23 11:12:00	1	0	1	0
   83	2014-05-23 13:36:05	1	0	1	0
   55	2014-05-23 13:48:20	1	0	1	0
  108	2014-05-23 14:35:12	1	0	1	0
  104	2014-05-23 14:44:31	1	0	1	0
   86	2014-05-23 15:01:12	1	0	1	0
   77	2014-05-23 15:01:20	1	0	0	0
   50	2014-05-23 15:14:03	1	0	1	0
   46	2014-05-23 15:28:12	1	0	1	0
  121	2014-05-23 15:34:46	1	0	1	0
   72	2014-05-23 15:34:52	1	0	1	0
   87	2014-05-23 15:35:35	1	0	1	0
   60	2014-05-23 15:41:15	1	0	1	0
   14	2014-05-23 15:53:43	1	0	1	0
   81	2014-05-23 16:05:39	1	0	1	0
  110	2014-05-23 16:05:44	1	0	1	0
   93	2014-05-23 16:12:04	1	0	1	0
   68	2014-05-23 16:12:08	1	0	1	0
   76	2014-05-23 16:29:30	1	0	1	0
  113	2014-05-23 16:43:42	1	0	1	0
   62	2014-05-23 16:54:18	1	0	1	0
  105	2014-05-23 17:43:56	1	0	1	0
   66	2014-05-23 17:45:20	1	0	1	0
  114	2014-05-23 19:08:03	1	0	1	0
   71	2014-05-23 19:08:18	1	0	1	0
   56	2014-05-23 19:11:37	1	0	1	0
   17	2014-05-23 20:15:39	1	0	1	0
   84	2014-05-23 20:15:47	1	0	1	0
   29	2014-05-23 20:15:59	1	0	1	0
   88	2014-05-23 20:28:55	1	0	1	0
   88	2014-05-26 06:02:44	1	0	1	0
   79	2014-05-26 07:01:03	1	0	1	0
   48	2014-05-26 07:06:06	1	0	1	0
   80	2014-05-26 07:12:45	1	0	1	0
   83	2014-05-26 07:16:05	1	0	1	0
   51	2014-05-26 07:22:35	1	0	1	0
   81	2014-05-26 07:25:28	1	0	1	0
   50	2014-05-26 07:25:35	1	0	1	0
   70	2014-05-26 07:28:53	1	0	1	0
   82	2014-05-26 07:31:21	1	0	1	0
   13	2014-05-26 07:32:42	1	0	1	0
   14	2014-05-26 07:36:47	1	0	1	0
  107	2014-05-26 07:37:43	1	0	1	0
  110	2014-05-26 07:42:18	1	0	1	0
   72	2014-05-26 07:46:33	1	0	1	0
  121	2014-05-26 07:48:08	1	0	1	0
   86	2014-05-26 07:52:46	1	0	1	0
   20	2014-05-26 07:59:23	1	0	1	0
   77	2014-05-26 08:00:31	1	0	0	0
   55	2014-05-26 08:01:22	1	0	1	0
   74	2014-05-26 08:02:11	1	0	1	0
   21	2014-05-26 08:05:57	1	0	1	0
  112	2014-05-26 08:07:26	1	0	1	0
   69	2014-05-26 08:12:14	1	0	1	0
  113	2014-05-26 08:12:26	1	0	1	0
  104	2014-05-26 08:16:13	1	0	1	0
   24	2014-05-26 08:22:58	1	0	1	0
   41	2014-05-26 08:25:39	1	0	1	0
   87	2014-05-26 08:27:07	1	0	1	0
   93	2014-05-26 08:27:24	1	0	1	0
   76	2014-05-26 08:35:02	1	0	1	0
   46	2014-05-26 08:35:12	1	0	1	0
   56	2014-05-26 08:42:21	1	0	1	0
  114	2014-05-26 08:51:56	1	0	1	0
   44	2014-05-26 09:12:04	1	0	1	0
   78	2014-05-26 09:13:48	1	0	1	0
   23	2014-05-26 09:15:53	1	0	0	0
  101	2014-05-26 09:16:16	1	0	1	0
   62	2014-05-26 09:59:53	1	0	1	0
   75	2014-05-26 10:22:18	1	0	1	0
   60	2014-05-26 10:36:15	1	0	1	0
   24	2014-05-26 13:35:46	1	0	1	0
   78	2014-05-26 13:44:16	1	0	1	0
  112	2014-05-26 13:44:20	1	0	1	0
   44	2014-05-26 13:53:30	1	0	1	0
   82	2014-05-26 14:24:24	1	0	1	0
   13	2014-05-26 14:35:13	1	0	1	0
   51	2014-05-26 14:43:32	1	0	1	0
   83	2014-05-26 14:46:22	1	0	1	0
   86	2014-05-26 15:00:35	1	0	1	0
  104	2014-05-26 15:02:45	1	0	1	0
   79	2014-05-26 15:05:28	1	0	1	0
   76	2014-05-26 15:13:20	1	0	1	0
  105	2014-05-26 15:17:25	1	0	1	0
   62	2014-05-26 15:17:34	1	0	1	0
   77	2014-05-26 15:20:08	1	0	0	0
   50	2014-05-26 15:20:14	1	0	1	0
  113	2014-05-26 15:20:18	1	0	1	0
   72	2014-05-26 15:35:57	1	0	1	0
   68	2014-05-26 15:38:37	1	0	1	0
   87	2014-05-26 15:45:13	1	0	1	0
   46	2014-05-26 15:48:38	1	0	1	0
   75	2014-05-26 15:53:07	1	0	1	0
   81	2014-05-26 15:58:27	1	0	1	0
   60	2014-05-26 16:00:01	1	0	1	0
  114	2014-05-26 17:15:27	1	0	1	0
   56	2014-05-26 18:24:49	1	0	1	0
   14	2014-05-26 18:24:53	1	0	1	0
   88	2014-05-26 18:34:08	1	0	1	0
  110	2014-05-26 19:30:02	1	0	1	0
   75	2014-05-26 21:28:05	1	0	1	0
   69	2014-05-26 23:05:13	1	0	1	0
   88	2014-05-28 06:00:17	1	0	1	0
   79	2014-05-28 07:08:28	1	0	1	0
   83	2014-05-28 07:24:26	1	0	1	0
   86	2014-05-28 07:29:52	1	0	1	0
   18	2014-05-28 07:32:49	1	0	1	0
  103	2014-05-28 07:37:22	1	0	1	0
   81	2014-05-28 07:38:29	1	0	1	0
   21	2014-05-28 07:57:17	1	0	1	0
  110	2014-05-28 08:02:22	1	0	1	0
   60	2014-05-28 08:11:12	1	0	1	0
   13	2014-05-28 08:14:26	1	0	1	0
   82	2014-05-28 08:19:43	1	0	1	0
   69	2014-05-28 08:26:13	1	0	1	0
  112	2014-05-28 08:26:24	1	0	1	0
   72	2014-05-28 08:28:39	1	0	1	0
   87	2014-05-28 08:31:05	1	0	1	0
   66	2014-05-28 08:33:48	1	0	1	0
   70	2014-05-28 08:36:32	1	0	1	0
   51	2014-05-28 08:41:36	1	0	1	0
   20	2014-05-28 08:41:59	1	0	1	0
  121	2014-05-28 08:44:47	1	0	1	0
  113	2014-05-28 08:44:53	1	0	1	0
  105	2014-05-28 08:50:11	1	0	1	0
   50	2014-05-28 08:56:46	1	0	1	0
  108	2014-05-28 08:57:56	1	0	1	0
  111	2014-05-28 08:58:22	1	0	1	0
   55	2014-05-28 09:01:23	1	0	1	0
   77	2014-05-28 09:03:32	1	0	0	0
  101	2014-05-28 09:06:12	1	0	1	0
   99	2014-05-28 09:07:34	1	0	1	0
  114	2014-05-28 09:08:25	1	0	1	0
   71	2014-05-28 09:12:14	1	0	1	0
   56	2014-05-28 09:13:19	1	0	1	0
   78	2014-05-28 09:18:19	1	0	1	0
   14	2014-05-28 09:25:26	1	0	1	0
   46	2014-05-28 09:29:56	1	0	1	0
   93	2014-05-28 09:40:45	1	0	1	0
   62	2014-05-28 09:48:12	1	0	1	0
   98	2014-05-28 09:55:08	1	0	1	0
   44	2014-05-28 10:26:48	1	0	1	0
    3	2014-05-28 11:03:58	1	0	0	0
   75	2014-05-28 11:08:41	1	0	1	0
   48	2014-05-28 12:24:46	1	0	1	0
   66	2014-05-28 14:11:42	1	0	1	0
   93	2014-05-28 14:29:50	1	0	1	0
   13	2014-05-28 14:33:50	1	0	1	0
   18	2014-05-28 14:35:40	1	0	1	0
   68	2014-05-28 14:40:38	1	0	1	0
   60	2014-05-28 14:44:47	1	0	1	0
   82	2014-05-28 14:49:18	1	0	1	0
   83	2014-05-28 14:49:43	1	0	1	0
   86	2014-05-28 15:00:10	1	0	1	0
   99	2014-05-28 15:05:49	1	0	1	0
   79	2014-05-28 15:07:16	1	0	1	0
   62	2014-05-28 15:19:04	1	0	1	0
   44	2014-05-28 15:23:46	1	0	1	0
   50	2014-05-28 15:26:48	1	0	1	0
  113	2014-05-28 15:31:48	1	0	1	0
  112	2014-05-28 15:32:10	1	0	1	0
   46	2014-05-28 15:36:15	1	0	1	0
  110	2014-05-28 15:36:54	1	0	1	0
  103	2014-05-28 15:42:17	1	0	1	0
   51	2014-05-28 15:49:12	1	0	1	0
   87	2014-05-28 16:18:28	1	0	1	0
   14	2014-05-28 16:43:29	1	0	1	0
   71	2014-05-28 16:46:40	1	0	1	0
  114	2014-05-28 16:46:44	1	0	1	0
   56	2014-05-28 16:47:15	1	0	1	0
  105	2014-05-28 16:47:39	1	0	1	0
   76	2014-05-28 16:51:05	1	0	1	0
   88	2014-05-28 17:21:14	1	0	1	0
  111	2014-05-28 17:34:02	1	0	1	0
   81	2014-05-28 17:45:09	1	0	1	0
   78	2014-05-28 19:57:29	1	0	1	0
   75	2014-05-28 21:05:46	1	0	1	0
   88	2014-06-02 06:00:04	1	0	1	0
   79	2014-06-02 06:52:20	1	0	1	0
  107	2014-06-02 06:55:32	1	0	1	0
   99	2014-06-02 07:00:09	1	0	1	0
   19	2014-06-02 07:08:23	1	0	1	0
   18	2014-06-02 07:08:45	1	0	1	0
   50	2014-06-02 07:10:06	1	0	1	0
   13	2014-06-02 07:17:11	1	0	1	0
    4	2014-06-02 07:21:29	1	0	1	0
  111	2014-06-02 07:21:50	1	0	1	0
   56	2014-06-02 07:24:48	1	0	1	0
  108	2014-06-02 07:26:24	1	0	1	0
   81	2014-06-02 07:27:12	1	0	1	0
   78	2014-06-02 07:30:51	1	0	1	0
   61	2014-06-02 07:32:45	1	0	1	0
   86	2014-06-02 07:33:03	1	0	1	0
   46	2014-06-02 07:35:19	1	0	1	0
   74	2014-06-02 07:36:35	1	0	1	0
   76	2014-06-02 07:41:11	1	0	1	0
   72	2014-06-02 07:42:41	1	0	1	0
   14	2014-06-02 07:43:23	1	0	1	0
   47	2014-06-02 07:53:22	1	0	1	0
   84	2014-06-02 07:53:41	1	0	1	0
   51	2014-06-02 07:54:22	1	0	1	0
   35	2014-06-02 07:56:26	1	0	1	0
    3	2014-06-02 07:59:32	1	0	0	0
  121	2014-06-02 07:59:56	1	0	1	0
   55	2014-06-02 08:02:48	1	0	1	0
  109	2014-06-02 08:03:08	1	0	1	0
  110	2014-06-02 08:03:14	1	0	1	0
   21	2014-06-02 08:03:55	1	0	1	0
   49	2014-06-02 08:06:24	1	0	1	0
   80	2014-06-02 08:09:07	1	0	1	0
   48	2014-06-02 08:13:41	1	0	1	0
   82	2014-06-02 08:14:53	1	0	1	0
   91	2014-06-02 08:16:20	1	0	1	0
   77	2014-06-02 08:21:08	1	0	0	0
  113	2014-06-02 08:21:41	1	0	1	0
  102	2014-06-02 08:22:16	1	0	1	0
  103	2014-06-02 08:24:27	1	0	1	0
   94	2014-06-02 08:27:43	1	0	1	0
   22	2014-06-02 08:27:57	1	0	1	0
   69	2014-06-02 08:33:13	1	0	1	0
  104	2014-06-02 08:38:13	1	0	1	0
   70	2014-06-02 08:39:17	1	0	1	0
  112	2014-06-02 08:42:02	1	0	1	0
   20	2014-06-02 08:44:09	1	0	1	0
   60	2014-06-02 08:52:42	1	0	1	0
   24	2014-06-02 08:57:45	1	0	1	0
    1	2014-06-02 09:03:30	1	0	1	0
   93	2014-06-02 09:08:48	1	0	1	0
   58	2014-06-02 09:20:08	1	0	1	0
   44	2014-06-02 09:25:02	1	0	1	0
  114	2014-06-02 09:41:53	1	0	1	0
   75	2014-06-02 09:49:54	1	0	1	0
   62	2014-06-02 09:56:34	1	0	1	0
   73	2014-06-02 10:17:18	1	0	1	0
   43	2014-06-02 10:25:07	1	0	1	0
   92	2014-06-02 10:57:33	1	0	1	0
   26	2014-06-02 11:43:31	1	0	1	0
   80	2014-06-02 14:04:48	1	0	1	0
  107	2014-06-02 14:24:05	1	0	1	0
   48	2014-06-02 14:29:25	1	0	1	0
   74	2014-06-02 14:31:43	1	0	1	0
   18	2014-06-02 14:48:12	1	0	1	0
  102	2014-06-02 14:57:17	1	0	1	0
   86	2014-06-02 15:00:26	1	0	1	0
   35	2014-06-02 15:07:47	1	0	1	0
   82	2014-06-02 15:14:52	1	0	1	0
   47	2014-06-02 15:18:16	1	0	1	0
   43	2014-06-02 15:18:48	1	0	1	0
   77	2014-06-02 15:22:11	1	0	0	0
   50	2014-06-02 15:22:25	1	0	1	0
  112	2014-06-02 15:26:20	1	0	1	0
  108	2014-06-02 15:27:39	1	0	1	0
   60	2014-06-02 15:32:27	1	0	1	0
   19	2014-06-02 15:36:27	1	0	1	0
   24	2014-06-02 15:39:01	1	0	1	0
   70	2014-06-02 15:39:07	1	0	1	0
   91	2014-06-02 15:39:13	1	0	1	0
   81	2014-06-02 15:41:54	1	0	1	0
   99	2014-06-02 15:43:14	1	0	1	0
   62	2014-06-02 15:45:58	1	0	1	0
   75	2014-06-02 15:48:55	1	0	1	0
   73	2014-06-02 15:52:09	1	0	1	0
   44	2014-06-02 16:04:43	1	0	1	0
   58	2014-06-02 16:11:29	1	0	1	0
  109	2014-06-02 16:11:41	1	0	1	0
   79	2014-06-02 16:12:11	1	0	1	0
   51	2014-06-02 16:13:14	1	0	1	0
   72	2014-06-02 16:15:42	1	0	1	0
   13	2014-06-02 16:15:49	1	0	1	0
  114	2014-06-02 16:17:27	1	0	1	0
   46	2014-06-02 16:18:23	1	0	1	0
  113	2014-06-02 16:21:36	1	0	1	0
    3	2014-06-02 16:28:27	1	0	0	0
   76	2014-06-02 16:30:48	1	0	1	0
   93	2014-06-02 16:38:53	1	0	1	0
  103	2014-06-02 16:39:43	1	0	1	0
  103	2014-06-02 16:39:55	1	0	1	0
  110	2014-06-02 16:55:34	1	0	1	0
  104	2014-06-02 17:02:20	1	0	1	0
   78	2014-06-02 17:02:28	1	0	1	0
   22	2014-06-02 17:03:31	1	0	1	0
   75	2014-06-02 17:05:46	1	0	1	0
   61	2014-06-02 17:26:50	1	0	1	0
   20	2014-06-02 17:26:55	1	0	1	0
   26	2014-06-02 17:26:59	1	0	1	0
   56	2014-06-02 17:28:04	1	0	1	0
   87	2014-06-02 17:28:43	1	0	1	0
   88	2014-06-02 17:44:48	1	0	1	0
  111	2014-06-02 17:52:06	1	0	1	0
    8	2014-06-02 17:52:46	1	0	1	0
    4	2014-06-02 17:54:54	1	0	1	0
   14	2014-06-02 18:33:08	1	0	1	0
   84	2014-06-02 18:35:39	1	0	1	0
   49	2014-06-02 18:45:51	1	0	1	0
   69	2014-06-02 19:23:10	1	0	1	0
   88	2014-06-03 06:53:55	1	0	1	0
   79	2014-06-03 06:56:41	1	0	1	0
   48	2014-06-03 07:13:34	1	0	1	0
   18	2014-06-03 07:18:45	1	0	1	0
   83	2014-06-03 07:31:55	1	0	1	0
   70	2014-06-03 07:35:46	1	0	1	0
   76	2014-06-03 07:37:23	1	0	1	0
   81	2014-06-03 07:39:42	1	0	1	0
   20	2014-06-03 07:45:24	1	0	1	0
   72	2014-06-03 07:52:58	1	0	1	0
   86	2014-06-03 07:58:01	1	0	1	0
   21	2014-06-03 08:04:56	1	0	1	0
   61	2014-06-03 08:09:04	1	0	1	0
   82	2014-06-03 08:12:57	1	0	1	0
   87	2014-06-03 08:13:24	1	0	1	0
  103	2014-06-03 08:16:00	1	0	1	0
  111	2014-06-03 08:16:21	1	0	1	0
   43	2014-06-03 08:16:52	1	0	1	0
   94	2014-06-03 08:20:37	1	0	1	0
  112	2014-06-03 08:21:50	1	0	1	0
    4	2014-06-03 08:25:56	1	0	1	0
   47	2014-06-03 08:30:16	1	0	1	0
   35	2014-06-03 08:30:34	1	0	1	0
    1	2014-06-03 08:32:54	1	0	1	0
   29	2014-06-03 08:33:15	1	0	1	0
  105	2014-06-03 08:35:06	1	0	1	0
   93	2014-06-03 08:38:57	1	0	1	0
   99	2014-06-03 08:39:11	1	0	1	0
   84	2014-06-03 08:39:52	1	0	1	0
  113	2014-06-03 08:40:25	1	0	1	0
  110	2014-06-03 08:44:57	1	0	1	0
   19	2014-06-03 08:47:03	1	0	1	0
   51	2014-06-03 08:48:25	1	0	1	0
   69	2014-06-03 08:51:10	1	0	1	0
   50	2014-06-03 08:53:05	1	0	1	0
  104	2014-06-03 08:54:24	1	0	1	0
   78	2014-06-03 09:04:46	1	0	1	0
   77	2014-06-03 09:05:43	1	0	0	0
  114	2014-06-03 09:10:47	1	0	1	0
   60	2014-06-03 09:13:32	1	0	1	0
    3	2014-06-03 09:17:24	1	0	0	0
   73	2014-06-03 09:20:14	1	0	1	0
   56	2014-06-03 09:28:55	1	0	1	0
   14	2014-06-03 09:29:35	1	0	1	0
  121	2014-06-03 09:31:14	1	0	1	0
   68	2014-06-03 09:42:04	1	0	1	0
   24	2014-06-03 09:47:33	1	0	1	0
   75	2014-06-03 09:47:44	1	0	1	0
   46	2014-06-03 09:48:41	1	0	1	0
  109	2014-06-03 09:56:00	1	0	1	0
   62	2014-06-03 10:08:13	1	0	1	0
   71	2014-06-03 10:08:50	1	0	1	0
   22	2014-06-03 10:11:43	1	0	1	0
   55	2014-06-03 10:16:46	1	0	1	0
   74	2014-06-03 10:29:38	1	0	1	0
   79	2014-05-02 16:56:41	1	0	1	0
   79	2014-05-09 06:56:41	1	0	1	0
   79	2014-05-09 16:56:41	1	0	1	0
   79	2014-05-12 16:56:41	1	0	1	0
   79	2014-05-14 16:56:41	1	0	1	0
   79	2014-05-28 16:56:41	1	0	1	0
