    10137	2014-03-04 12:09:37	10	0	0	0
    10020	2014-03-04 14:47:25	10	0	0	0
    10062	2014-03-04 15:00:25	10	0	0	0
    10104	2014-03-04 15:22:48	10	0	0	0
    10029	2014-03-04 15:47:27	10	0	0	0
    10073	2014-03-04 16:17:41	10	0	0	0
    10133	2014-03-04 16:17:48	10	0	0	0
    10122	2014-03-04 16:22:26	10	0	0	0
    10028	2014-03-04 16:36:19	10	0	0	0
    10063	2014-03-04 16:36:27	10	0	0	0
    10052	2014-03-04 16:36:32	10	0	0	0
    10025	2014-03-04 16:36:39	10	0	0	0
    10058	2014-03-04 16:36:44	10	0	0	0
    10022	2014-03-04 16:37:02	10	0	0	0
    10077	2014-03-04 16:37:43	10	0	0	0
    10055	2014-03-04 16:38:03	10	0	0	0
    10154	2014-03-04 16:39:30	10	0	0	0
    10119	2014-03-04 16:39:40	10	0	0	0
    10113	2014-03-04 16:40:13	10	0	0	0
    10128	2014-03-04 16:41:11	10	0	0	0
    10144	2014-03-04 16:42:36	10	0	0	0
    10012	2014-03-04 16:43:20	10	0	0	0
    10086	2014-03-04 16:48:50	10	0	0	0
    10079	2014-03-04 16:49:03	10	0	0	0
    10081	2014-03-04 16:50:31	10	0	0	0
    10056	2014-03-04 16:54:02	10	0	0	0
    10024	2014-03-04 16:54:41	10	0	0	0
    10004	2014-03-04 16:57:58	10	0	0	0
    10033	2014-03-04 16:59:39	10	0	0	0
    10132	2014-03-04 17:05:36	10	0	0	0
    10032	2014-03-04 17:06:32	10	0	0	0
    10091	2014-03-04 17:09:35	10	0	0	0
    10010	2014-03-04 17:09:47	10	0	0	0
    10039	2014-03-04 17:11:54	10	0	0	0
    10099	2014-03-04 17:12:39	10	0	0	0
    10036	2014-03-04 17:13:07	10	0	0	0
    10136	2014-03-04 17:13:12	10	0	0	0
    10046	2014-03-04 17:14:01	10	0	0	0
    10138	2014-03-04 17:16:54	10	0	0	0
    10102	2014-03-04 17:17:53	10	0	0	0
    10117	2014-03-04 17:17:56	10	0	0	0
    10071	2014-03-04 17:18:11	10	0	0	0
    10026	2014-03-04 17:20:39	10	0	0	0
    10042	2014-03-04 17:21:54	10	0	0	0
    10075	2014-03-04 17:22:27	10	0	0	0
    10149	2014-03-04 17:22:31	10	0	0	0
    10109	2014-03-04 17:22:34	10	0	0	0
    10076	2014-03-04 17:26:07	10	0	0	0
    10112	2014-03-04 17:34:30	10	0	0	0
    10041	2014-03-04 17:37:20	10	0	0	0
    10027	2014-03-04 17:37:36	10	0	0	0
    10158	2014-03-04 17:37:45	10	0	0	0
    10088	2014-03-04 17:48:52	10	0	0	0
    10140	2014-03-04 17:52:34	10	0	0	0
    10021	2014-03-04 17:54:55	10	0	0	0
    10134	2014-03-04 17:54:59	10	0	0	0
    10007	2014-03-04 17:58:28	10	0	0	0
    10003	2014-03-04 17:58:37	10	0	0	0
    10003	2014-03-04 17:58:39	10	0	0	0
    10105	2014-03-04 17:59:32	10	0	0	0
    10097	2014-03-04 18:02:32	10	0	0	0
    10150	2014-03-04 18:04:15	10	0	0	0
    10142	2014-03-04 18:04:56	10	0	0	0
    10160	2014-03-04 18:05:26	10	0	0	0
    10030	2014-03-04 18:08:42	10	0	0	0
    10128	2014-03-04 18:08:56	10	0	0	0
    10106	2014-03-04 18:09:12	10	0	0	0
    10147	2014-03-04 18:14:07	10	0	0	0
    10155	2014-03-04 18:15:28	10	0	0	0
    10139	2014-03-04 18:15:39	10	0	0	0
    10083	2014-03-04 18:16:35	10	0	0	0
    10082	2014-03-04 18:16:41	10	0	0	0
    10043	2014-03-04 18:17:20	10	0	0	0
    10157	2014-03-04 18:22:36	10	0	0	0
    10156	2014-03-04 18:26:49	10	0	0	0
    10141	2014-03-04 18:26:54	10	0	0	0
    10005	2014-03-04 18:27:27	10	0	0	0
    10087	2014-03-04 18:27:31	10	0	0	0
    10066	2014-03-04 18:27:41	10	0	0	0
    10034	2014-03-04 18:27:45	10	0	0	0
    10072	2014-03-04 18:27:56	10	0	0	0
    10037	2014-03-04 18:31:03	10	0	0	0
    10013	2014-03-04 19:26:21	10	0	0	0
    10068	2014-03-04 19:29:04	10	0	0	0
    10014	2014-03-04 19:30:36	10	0	0	0
    10040	2014-03-04 19:30:45	10	0	0	0
    10130	2014-03-04 19:49:25	10	0	0	0
    10065	2014-03-04 19:49:28	10	0	0	0
    10153	2014-03-04 22:01:37	10	0	0	0
    10152	2014-03-05 00:16:00	10	0	0	0
    10070	2014-03-05 06:31:55	10	0	0	0
    10144	2014-03-05 07:18:42	10	0	0	0
    10132	2014-03-05 07:18:45	10	0	0	0
    10036	2014-03-05 07:20:21	10	0	0	0
    10072	2014-03-05 07:26:14	10	0	0	0
    10005	2014-03-05 07:27:56	10	0	0	0
    10122	2014-03-05 07:28:31	10	0	0	0
    10034	2014-03-05 07:29:17	10	0	0	0
    10087	2014-03-05 07:34:36	10	0	0	0
    10105	2014-03-05 07:35:22	10	0	0	0
    10008	2014-03-05 07:35:38	10	0	0	0
    10114	2014-03-05 07:38:59	10	0	0	0
    10056	2014-03-05 07:41:34	10	0	0	0
    10024	2014-03-05 07:41:42	10	0	0	0
    10014	2014-03-05 07:43:26	10	0	0	0
    10045	2014-03-05 07:43:48	10	0	0	0
    10027	2014-03-05 07:46:20	10	0	0	0
    10018	2014-03-05 07:47:08	10	0	0	0
    10155	2014-03-05 07:47:28	10	0	0	0
    10012	2014-03-05 07:47:39	10	0	0	0
    10055	2014-03-05 07:51:57	10	0	0	0
    10039	2014-03-05 07:52:41	10	0	0	0
    10133	2014-03-05 07:57:12	10	0	0	0
    10046	2014-03-05 07:58:13	10	0	0	0
    10010	2014-03-05 07:58:43	10	0	0	0
    10102	2014-03-05 07:59:05	10	0	0	0
    10149	2014-03-05 07:59:11	10	0	0	0
    10130	2014-03-05 07:59:17	10	0	0	0
    10032	2014-03-05 08:00:28	10	0	0	0
    10040	2014-03-05 08:01:26	10	0	0	0
    10088	2014-03-05 08:01:46	10	0	0	0
    10112	2014-03-05 08:01:57	10	0	0	0
    10075	2014-03-05 08:02:46	10	0	0	0
    10083	2014-03-05 08:04:11	10	0	0	0
    10110	2014-03-05 08:04:15	10	0	0	0
    10077	2014-03-05 08:05:09	10	0	0	0
    10052	2014-03-05 08:07:43	10	0	0	0
    10062	2014-03-05 08:07:47	10	0	0	0
    10127	2014-03-05 08:07:51	10	0	0	0
    10115	2014-03-05 08:09:14	10	0	0	0
    10043	2014-03-05 08:10:43	10	0	0	0
    10004	2014-03-05 08:17:36	10	0	0	0
    10139	2014-03-05 08:17:40	10	0	0	0
    10033	2014-03-05 08:18:40	10	0	0	0
    10150	2014-03-05 08:19:38	10	0	0	0
    10042	2014-03-05 08:21:45	10	0	0	0
    10097	2014-03-05 08:22:45	10	0	0	0
    10068	2014-03-05 08:30:36	10	0	0	0
    10026	2014-03-05 08:33:16	10	0	0	0
    10019	2014-03-05 08:34:46	10	0	0	0
    10063	2014-03-05 08:34:51	10	0	0	0
    10025	2014-03-05 08:35:00	10	0	0	0
    10082	2014-03-05 08:35:03	10	0	0	0
    10079	2014-03-05 08:35:12	10	0	0	0
    10029	2014-03-05 08:35:26	10	0	0	0
    10113	2014-03-05 08:35:35	10	0	0	0
    10086	2014-03-05 08:35:44	10	0	0	0
    10068	2014-03-05 08:38:40	10	0	0	0
    10059	2014-03-05 08:41:24	10	0	0	0
    10109	2014-03-05 08:41:28	10	0	0	0
    10058	2014-03-05 08:43:47	10	0	0	0
    10022	2014-03-05 08:44:37	10	0	0	0
    10119	2014-03-05 08:44:48	10	0	0	0
    10146	2014-03-05 08:44:55	10	0	0	0
    10141	2014-03-05 08:46:21	10	0	0	0
    10028	2014-03-05 08:47:01	10	0	0	0
    10100	2014-03-05 08:49:19	10	0	0	0
    10140	2014-03-05 08:51:03	10	0	0	0
    10038	2014-03-05 08:51:06	10	0	0	0
    10091	2014-03-05 08:51:28	10	0	0	0
    10090	2014-03-05 08:51:58	10	0	0	0
    10076	2014-03-05 08:54:33	10	0	0	0
    10157	2014-03-05 08:55:08	10	0	0	0
    10049	2014-03-05 08:56:54	10	0	0	0
    10106	2014-03-05 09:00:28	10	0	0	0
    10061	2014-03-05 09:03:50	10	0	0	0
    10006	2014-03-05 09:05:35	10	0	0	0
    10074	2014-03-05 09:07:25	10	0	0	0
    10015	2014-03-05 09:10:18	10	0	0	0
    10160	2014-03-05 09:12:40	10	0	0	0
    10131	2014-03-05 09:15:27	10	0	0	0
    10104	2014-03-05 09:17:52	10	0	0	0
    10098	2014-03-05 09:27:04	10	0	0	0
    10047	2014-03-05 09:27:27	10	0	0	0
    10066	2014-03-05 09:28:22	10	0	0	0
    10156	2014-03-05 09:29:17	10	0	0	0
    10117	2014-03-05 09:29:34	10	0	0	0
    10009	2014-03-05 09:30:25	10	0	0	0
    10041	2014-03-05 09:33:06	10	0	0	0
    10154	2014-03-05 09:38:05	10	0	0	0
    10096	2014-03-05 09:40:09	10	0	0	0
    10111	2014-03-05 09:50:53	10	0	0	0
    10065	2014-03-05 09:53:47	10	0	0	0
    10089	2014-03-05 09:53:54	10	0	0	0
    10073	2014-03-05 09:57:40	10	0	0	0
    10136	2014-03-05 10:01:17	10	0	0	0
    10048	2014-03-05 10:01:46	10	0	0	0
    10081	2014-03-05 10:02:39	10	0	0	0
    10099	2014-03-05 10:02:58	10	0	0	0
    10078	2014-03-05 10:09:55	10	0	0	0
    10116	2014-03-05 10:22:34	10	0	0	0
    10013	2014-03-05 10:23:19	10	0	0	0
    10153	2014-03-05 10:55:17	10	0	0	0
    10127	2014-03-05 14:17:20	10	0	0	0
    10125	2014-03-05 14:38:35	10	0	0	0
    10119	2014-03-05 16:04:23	10	0	0	0
    10133	2014-03-05 16:16:16	10	0	0	0
    10122	2014-03-05 16:19:38	10	0	0	0
    10098	2014-03-05 16:24:12	10	0	0	0
    10025	2014-03-05 16:30:15	10	0	0	0
    10089	2014-03-05 16:30:20	10	0	0	0
    10111	2014-03-05 16:30:29	10	0	0	0
    10110	2014-03-05 16:31:22	10	0	0	0
    10154	2014-03-05 16:32:08	10	0	0	0
    10009	2014-03-05 16:32:25	10	0	0	0
    10074	2014-03-05 16:32:34	10	0	0	0
    10073	2014-03-05 16:32:52	10	0	0	0
    10086	2014-03-05 16:33:02	10	0	0	0
    10096	2014-03-05 16:34:42	10	0	0	0
    10116	2014-03-05 16:35:17	10	0	0	0
    10077	2014-03-05 16:40:46	10	0	0	0
    10083	2014-03-05 16:42:05	10	0	0	0
    10082	2014-03-05 16:44:24	10	0	0	0
    10099	2014-03-05 16:44:39	10	0	0	0
    10055	2014-03-05 16:44:46	10	0	0	0
    10052	2014-03-05 16:46:25	10	0	0	0
    10022	2014-03-05 16:46:33	10	0	0	0
    10019	2014-03-05 16:47:12	10	0	0	0
    10047	2014-03-05 16:50:28	10	0	0	0
    10039	2014-03-05 16:56:07	10	0	0	0
    10033	2014-03-05 17:26:35	10	0	0	0
    10079	2014-03-05 17:29:11	10	0	0	0
    10100	2014-03-05 17:29:19	10	0	0	0
    10041	2014-03-05 17:30:53	10	0	0	0
    10042	2014-03-05 17:32:45	10	0	0	0
    10012	2014-03-05 17:40:00	10	0	0	0
    10076	2014-03-05 17:40:58	10	0	0	0
    10105	2014-03-05 17:41:55	10	0	0	0
    10078	2014-03-05 17:45:05	10	0	0	0
    10049	2014-03-05 17:45:09	10	0	0	0
    10026	2014-03-05 17:45:14	10	0	0	0
    10006	2014-03-05 17:45:22	10	0	0	0
    10088	2014-03-05 17:46:54	10	0	0	0
    10150	2014-03-05 18:09:15	10	0	0	0
    10014	2014-03-05 18:10:33	10	0	0	0
    10157	2014-03-05 18:17:03	10	0	0	0
    10065	2014-03-05 18:23:56	10	0	0	0
    10040	2014-03-05 18:28:59	10	0	0	0
    10061	2014-03-05 18:29:04	10	0	0	0
    10153	2014-03-05 18:32:09	10	0	0	0
    10113	2014-03-05 18:48:03	10	0	0	0
    10160	2014-03-05 19:04:34	10	0	0	0
    10142	2014-03-05 19:04:40	10	0	0	0
    10132	2014-03-05 19:07:37	10	0	0	0
    10112	2014-03-05 19:15:59	10	0	0	0
    10130	2014-03-05 19:16:02	10	0	0	0
    10144	2014-03-05 19:16:12	10	0	0	0
    10097	2014-03-05 19:34:40	10	0	0	0
    10140	2014-03-05 19:37:15	10	0	0	0
    10136	2014-03-05 19:37:21	10	0	0	0
    10072	2014-03-05 19:41:07	10	0	0	0
    10037	2014-03-05 19:41:16	10	0	0	0
    10056	2014-03-05 19:42:52	10	0	0	0
    10032	2014-03-05 19:42:58	10	0	0	0
    10106	2014-03-05 19:44:57	10	0	0	0
    10139	2014-03-05 19:45:15	10	0	0	0
    10034	2014-03-05 19:45:20	10	0	0	0
    10066	2014-03-05 19:45:24	10	0	0	0
    10005	2014-03-05 19:45:29	10	0	0	0
    10102	2014-03-05 19:55:41	10	0	0	0
    10149	2014-03-05 19:55:44	10	0	0	0
    10117	2014-03-05 19:55:48	10	0	0	0
    10075	2014-03-05 19:55:51	10	0	0	0
    10109	2014-03-05 19:55:54	10	0	0	0
    10046	2014-03-05 19:55:58	10	0	0	0
    10071	2014-03-05 19:56:21	10	0	0	0
    10010	2014-03-05 19:57:18	10	0	0	0
    10036	2014-03-05 19:57:25	10	0	0	0
    10027	2014-03-05 19:58:43	10	0	0	0
    10156	2014-03-05 21:59:08	10	0	0	0
    10070	2014-03-06 07:04:26	10	0	0	0
    10134	2014-03-06 07:06:06	10	0	0	0
    10032	2014-03-06 07:10:05	10	0	0	0
    10122	2014-03-06 07:10:36	10	0	0	0
    10110	2014-03-06 07:17:39	10	0	0	0
    10018	2014-03-06 07:17:46	10	0	0	0
    10115	2014-03-06 07:19:19	10	0	0	0
    10072	2014-03-06 07:24:21	10	0	0	0
    10039	2014-03-06 07:28:50	10	0	0	0
    10020	2014-03-06 07:30:49	10	0	0	0
    10036	2014-03-06 07:30:59	10	0	0	0
    10101	2014-03-06 07:31:23	10	0	0	0
    10142	2014-03-06 07:31:47	10	0	0	0
    10004	2014-03-06 07:34:57	10	0	0	0
    10136	2014-03-06 07:35:18	10	0	0	0
    10056	2014-03-06 07:35:23	10	0	0	0
    10024	2014-03-06 07:35:31	10	0	0	0
    10074	2014-03-06 07:36:17	10	0	0	0
    10075	2014-03-06 07:38:55	10	0	0	0
    10114	2014-03-06 07:39:35	10	0	0	0
    10008	2014-03-06 07:40:37	10	0	0	0
    10014	2014-03-06 07:44:43	10	0	0	0
    10087	2014-03-06 07:45:06	10	0	0	0
    10141	2014-03-06 07:50:28	10	0	0	0
    10112	2014-03-06 07:51:03	10	0	0	0
    10088	2014-03-06 07:51:36	10	0	0	0
    10102	2014-03-06 07:54:04	10	0	0	0
    10046	2014-03-06 07:58:42	10	0	0	0
    10034	2014-03-06 08:00:20	10	0	0	0
    10030	2014-03-06 08:00:33	10	0	0	0
    10062	2014-03-06 08:02:53	10	0	0	0
    10055	2014-03-06 08:04:02	10	0	0	0
    10021	2014-03-06 08:05:16	10	0	0	0
    10021	2014-03-06 08:05:18	10	0	0	0
    10106	2014-03-06 08:07:48	10	0	0	0
    10133	2014-03-06 08:08:28	10	0	0	0
    10105	2014-03-06 08:10:10	10	0	0	0
    10059	2014-03-06 08:11:10	10	0	0	0
    10045	2014-03-06 08:11:17	10	0	0	0
    10012	2014-03-06 08:13:26	10	0	0	0
    10127	2014-03-06 08:14:05	10	0	0	0
    10025	2014-03-06 08:14:55	10	0	0	0
    10159	2014-03-06 08:16:56	10	0	0	0
    10029	2014-03-06 08:19:40	10	0	0	0
    10097	2014-03-06 08:20:42	10	0	0	0
    10052	2014-03-06 08:22:23	10	0	0	0
    10033	2014-03-06 08:24:20	10	0	0	0
    10020	2014-03-06 08:28:06	10	0	0	0
    10026	2014-03-06 08:28:48	10	0	0	0
    10149	2014-03-06 08:29:01	10	0	0	0
    10090	2014-03-06 08:29:09	10	0	0	0
    10100	2014-03-06 08:29:53	10	0	0	0
    10022	2014-03-06 08:30:59	10	0	0	0
    10071	2014-03-06 08:33:38	10	0	0	0
    10151	2014-03-06 08:35:30	10	0	0	0
    10023	2014-03-06 08:35:38	10	0	0	0
    10119	2014-03-06 08:37:19	10	0	0	0
    10010	2014-03-06 08:37:41	10	0	0	0
    10042	2014-03-06 08:38:08	10	0	0	0
    10137	2014-03-06 08:39:21	10	0	0	0
    10131	2014-03-06 08:39:33	10	0	0	0
    10049	2014-03-06 08:39:38	10	0	0	0
    10147	2014-03-06 08:39:46	10	0	0	0
    10043	2014-03-06 08:40:01	10	0	0	0
    10155	2014-03-06 08:40:57	10	0	0	0
    10146	2014-03-06 08:42:47	10	0	0	0
    10150	2014-03-06 08:46:21	10	0	0	0
    10044	2014-03-06 08:48:15	10	0	0	0
    10040	2014-03-06 08:48:41	10	0	0	0
    10009	2014-03-06 08:51:35	10	0	0	0
    10140	2014-03-06 08:51:59	10	0	0	0
    10111	2014-03-06 08:52:04	10	0	0	0
    10139	2014-03-06 08:52:34	10	0	0	0
    10027	2014-03-06 08:56:41	10	0	0	0
    10053	2014-03-06 08:56:47	10	0	0	0
    10130	2014-03-06 09:00:45	10	0	0	0
    10038	2014-03-06 09:01:12	10	0	0	0
    10157	2014-03-06 09:01:32	10	0	0	0
    10157	2014-03-06 09:01:35	10	0	0	0
    10007	2014-03-06 09:02:46	10	0	0	0
    10117	2014-03-06 09:06:16	10	0	0	0
    10058	2014-03-06 09:07:25	10	0	0	0
    10144	2014-03-06 09:08:17	10	0	0	0
    10109	2014-03-06 09:10:39	10	0	0	0
    10123	2014-03-06 09:14:25	10	0	0	0
    10158	2014-03-06 09:14:42	10	0	0	0
    10083	2014-03-06 09:17:44	10	0	0	0
    10066	2014-03-06 09:17:51	10	0	0	0
    10104	2014-03-06 09:19:52	10	0	0	0
    10017	2014-03-06 09:22:52	10	0	0	0
    10152	2014-03-06 09:29:05	10	0	0	0
    10068	2014-03-06 09:29:19	10	0	0	0
    10089	2014-03-06 09:30:10	10	0	0	0
    10113	2014-03-06 09:33:28	10	0	0	0
    10091	2014-03-06 09:37:53	10	0	0	0
    10160	2014-03-06 09:41:00	10	0	0	0
    10073	2014-03-06 09:42:04	10	0	0	0
    10116	2014-03-06 09:42:44	10	0	0	0
    10061	2014-03-06 09:45:25	10	0	0	0
    10065	2014-03-06 09:49:44	10	0	0	0
    10048	2014-03-06 09:54:35	10	0	0	0
    10078	2014-03-06 09:54:40	10	0	0	0
    10041	2014-03-06 10:05:42	10	0	0	0
    10125	2014-03-06 10:15:45	10	0	0	0
    10082	2014-03-06 10:15:47	10	0	0	0
    10095	2014-03-06 10:15:52	10	0	0	0
    10047	2014-03-06 10:23:39	10	0	0	0
    10081	2014-03-06 10:34:11	10	0	0	0
    10099	2014-03-06 10:40:12	10	0	0	0
    10037	2014-03-06 10:44:17	10	0	0	0
    10080	2014-03-06 11:12:18	10	0	0	0
    10057	2014-03-06 11:24:25	10	0	0	0
    10096	2014-03-06 11:27:32	10	0	0	0
    10153	2014-03-06 11:35:46	10	0	0	0
    10048	2014-03-06 14:38:48	10	0	0	0
    10062	2014-03-06 15:05:49	10	0	0	0
    10152	2014-03-06 15:06:20	10	0	0	0
    10125	2014-03-06 15:21:33	10	0	0	0
    10032	2014-03-06 16:23:14	10	0	0	0
    10136	2014-03-06 16:26:20	10	0	0	0
    10046	2014-03-06 16:26:25	10	0	0	0
    10106	2014-03-06 16:33:18	10	0	0	0
    10110	2014-03-06 16:35:08	10	0	0	0
    10097	2014-03-06 16:36:54	10	0	0	0
    10038	2014-03-06 16:38:13	10	0	0	0
    10025	2014-03-06 16:40:45	10	0	0	0
    10055	2014-03-06 16:41:49	10	0	0	0
    10090	2014-03-06 16:41:54	10	0	0	0
    10028	2014-03-06 16:42:05	10	0	0	0
    10146	2014-03-06 16:46:02	10	0	0	0
    10012	2014-03-06 16:48:18	10	0	0	0
    10058	2014-03-06 16:49:42	10	0	0	0
    10089	2014-03-06 16:49:47	10	0	0	0
    10127	2014-03-06 16:50:36	10	0	0	0
    10073	2014-03-06 16:52:05	10	0	0	0
    10052	2014-03-06 16:52:08	10	0	0	0
    10098	2014-03-06 16:57:44	10	0	0	0
    10134	2014-03-06 16:57:58	10	0	0	0
    10081	2014-03-06 16:59:16	10	0	0	0
    10026	2014-03-06 16:59:55	10	0	0	0
    10078	2014-03-06 17:02:22	10	0	0	0
    10074	2014-03-06 17:02:56	10	0	0	0
    10009	2014-03-06 17:03:03	10	0	0	0
    10113	2014-03-06 17:03:18	10	0	0	0
    10096	2014-03-06 17:06:15	10	0	0	0
    10088	2014-03-06 17:14:48	10	0	0	0
    10150	2014-03-06 17:14:53	10	0	0	0
    10021	2014-03-06 17:21:01	10	0	0	0
    10158	2014-03-06 17:22:36	10	0	0	0
    10116	2014-03-06 17:23:01	10	0	0	0
    10047	2014-03-06 17:26:46	10	0	0	0
    10099	2014-03-06 17:32:13	10	0	0	0
    10017	2014-03-06 17:39:50	10	0	0	0
    10159	2014-03-06 17:39:59	10	0	0	0
    10033	2014-03-06 17:41:36	10	0	0	0
    10039	2014-03-06 17:42:24	10	0	0	0
    10042	2014-03-06 17:44:16	10	0	0	0
    10081	2014-03-06 17:46:06	10	0	0	0
    10155	2014-03-06 17:47:58	10	0	0	0
    10114	2014-03-06 17:51:28	10	0	0	0
    10014	2014-03-06 17:59:48	10	0	0	0
    10131	2014-03-06 18:12:06	10	0	0	0
    10049	2014-03-06 18:12:13	10	0	0	0
    10130	2014-03-06 18:14:25	10	0	0	0
    10105	2014-03-06 18:15:04	10	0	0	0
    10041	2014-03-06 18:15:10	10	0	0	0
    10044	2014-03-06 18:15:17	10	0	0	0
    10137	2014-03-06 18:15:34	10	0	0	0
    10020	2014-03-06 18:17:40	10	0	0	0
    10065	2014-03-06 18:19:55	10	0	0	0
    10122	2014-03-06 18:32:04	10	0	0	0
    10139	2014-03-06 18:35:14	10	0	0	0
    10117	2014-03-06 18:35:26	10	0	0	0
    10075	2014-03-06 18:41:21	10	0	0	0
    10037	2014-03-06 19:03:16	10	0	0	0
    10091	2014-03-06 19:19:25	10	0	0	0
    10132	2014-03-06 19:29:16	10	0	0	0
    10109	2014-03-06 19:38:20	10	0	0	0
    10160	2014-03-06 19:40:10	10	0	0	0
    10040	2014-03-06 19:53:32	10	0	0	0
    10100	2014-03-06 19:53:36	10	0	0	0
    10061	2014-03-06 19:53:39	10	0	0	0
    10027	2014-03-06 20:23:00	10	0	0	0
    10129	2014-03-06 20:44:28	10	0	0	0
    10129	2014-03-06 20:44:30	10	0	0	0
    10157	2014-03-06 20:47:08	10	0	0	0
    10157	2014-03-06 20:47:16	10	0	0	0
    10157	2014-03-06 20:47:28	10	0	0	0
    10157	2014-03-06 20:47:31	10	0	0	0
    10128	2014-03-06 20:59:52	10	0	0	0
    10140	2014-03-06 21:00:26	10	0	0	0
    10128	2014-03-06 21:51:12	10	0	0	0
    10156	2014-03-06 23:25:20	10	0	0	0
    10070	2014-03-07 06:23:47	10	0	0	0
    10132	2014-03-07 06:44:33	10	0	0	0
    10122	2014-03-07 06:44:46	10	0	0	0
    10036	2014-03-07 06:54:52	10	0	0	0
    10115	2014-03-07 07:13:17	10	0	0	0
    10133	2014-03-07 07:15:59	10	0	0	0
    10005	2014-03-07 07:25:37	10	0	0	0
    10046	2014-03-07 07:25:47	10	0	0	0
    10018	2014-03-07 07:28:33	10	0	0	0
    10134	2014-03-07 07:29:24	10	0	0	0
    10134	2014-03-07 07:29:27	10	0	0	0
    10073	2014-03-07 07:30:34	10	0	0	0
    10158	2014-03-07 07:33:06	10	0	0	0
    10075	2014-03-07 07:33:24	10	0	0	0
    10004	2014-03-07 07:39:25	10	0	0	0
    10056	2014-03-07 07:39:44	10	0	0	0
    10114	2014-03-07 07:40:52	10	0	0	0
    10052	2014-03-07 07:45:56	10	0	0	0
    10022	2014-03-07 07:46:15	10	0	0	0
    10014	2014-03-07 07:46:33	10	0	0	0
    10072	2014-03-07 07:48:19	10	0	0	0
    10055	2014-03-07 07:49:42	10	0	0	0
    10039	2014-03-07 07:53:45	10	0	0	0
    10105	2014-03-07 07:55:57	10	0	0	0
    10102	2014-03-07 07:57:51	10	0	0	0
    10045	2014-03-07 08:01:05	10	0	0	0
    10030	2014-03-07 08:01:17	10	0	0	0
    10110	2014-03-07 08:08:37	10	0	0	0
    10127	2014-03-07 08:10:29	10	0	0	0
    10012	2014-03-07 08:11:39	10	0	0	0
    10097	2014-03-07 08:14:16	10	0	0	0
    10062	2014-03-07 08:15:40	10	0	0	0
    10157	2014-03-07 08:25:37	10	0	0	0
    10026	2014-03-07 08:26:31	10	0	0	0
    10063	2014-03-07 08:27:03	10	0	0	0
    10025	2014-03-07 08:27:10	10	0	0	0
    10155	2014-03-07 08:28:47	10	0	0	0
    10077	2014-03-07 08:28:56	10	0	0	0
    10042	2014-03-07 08:29:04	10	0	0	0
    10032	2014-03-07 08:34:22	10	0	0	0
    10033	2014-03-07 08:37:38	10	0	0	0
    10083	2014-03-07 08:37:48	10	0	0	0
    10128	2014-03-07 08:38:07	10	0	0	0
    10128	2014-03-07 08:38:09	10	0	0	0
    10149	2014-03-07 08:39:40	10	0	0	0
    10060	2014-03-07 08:44:40	10	0	0	0
    10137	2014-03-07 08:44:44	10	0	0	0
    10138	2014-03-07 08:44:49	10	0	0	0
    10029	2014-03-07 08:45:48	10	0	0	0
    10043	2014-03-07 08:45:52	10	0	0	0
    10092	2014-03-07 08:45:58	10	0	0	0
    10106	2014-03-07 08:49:18	10	0	0	0
    10065	2014-03-07 08:52:35	10	0	0	0
    10131	2014-03-07 08:54:36	10	0	0	0
    10100	2014-03-07 08:54:40	10	0	0	0
    10040	2014-03-07 08:54:44	10	0	0	0
    10058	2014-03-07 08:55:31	10	0	0	0
    10116	2014-03-07 08:55:57	10	0	0	0
    10053	2014-03-07 08:56:01	10	0	0	0
    10034	2014-03-07 08:59:58	10	0	0	0
    10038	2014-03-07 09:01:25	10	0	0	0
    10119	2014-03-07 09:01:45	10	0	0	0
    10091	2014-03-07 09:02:01	10	0	0	0
    10150	2014-03-07 09:03:28	10	0	0	0
    10027	2014-03-07 09:04:12	10	0	0	0
    10071	2014-03-07 09:04:46	10	0	0	0
    10028	2014-03-07 09:05:16	10	0	0	0
    10112	2014-03-07 09:05:42	10	0	0	0
    10068	2014-03-07 09:06:04	10	0	0	0
    10037	2014-03-07 09:08:33	10	0	0	0
    10037	2014-03-07 09:08:35	10	0	0	0
    10111	2014-03-07 09:11:19	10	0	0	0
    10090	2014-03-07 09:11:39	10	0	0	0
    10142	2014-03-07 09:11:47	10	0	0	0
    10099	2014-03-07 09:14:10	10	0	0	0
    10087	2014-03-07 09:14:35	10	0	0	0
    10098	2014-03-07 09:16:16	10	0	0	0
    10160	2014-03-07 09:16:47	10	0	0	0
    10104	2014-03-07 09:16:51	10	0	0	0
    10139	2014-03-07 09:18:02	10	0	0	0
    10048	2014-03-07 09:18:11	10	0	0	0
    10044	2014-03-07 09:18:56	10	0	0	0
    10109	2014-03-07 09:22:05	10	0	0	0
    10130	2014-03-07 09:22:44	10	0	0	0
    10009	2014-03-07 09:25:59	10	0	0	0
    10074	2014-03-07 09:32:49	10	0	0	0
    10148	2014-03-07 09:38:03	10	0	0	0
    10010	2014-03-07 09:43:05	10	0	0	0
    10066	2014-03-07 09:43:58	10	0	0	0
    10152	2014-03-07 09:46:31	10	0	0	0
    10095	2014-03-07 09:48:28	10	0	0	0
    10113	2014-03-07 09:51:58	10	0	0	0
    10123	2014-03-07 09:52:51	10	0	0	0
    10125	2014-03-07 09:52:56	10	0	0	0
    10089	2014-03-07 10:02:39	10	0	0	0
    10047	2014-03-07 10:05:41	10	0	0	0
    10159	2014-03-07 10:16:48	10	0	0	0
    10078	2014-03-07 10:20:14	10	0	0	0
    10082	2014-03-07 10:20:22	10	0	0	0
    10096	2014-03-07 10:20:26	10	0	0	0
    10017	2014-03-07 10:34:48	10	0	0	0
    10061	2014-03-07 11:10:24	10	0	0	0
    10048	2014-03-07 14:28:21	10	0	0	0
    10062	2014-03-07 14:52:04	10	0	0	0
    10129	2014-03-07 14:52:39	10	0	0	0
    10116	2014-03-07 14:53:15	10	0	0	0
    10090	2014-03-07 15:28:40	10	0	0	0
    10039	2014-03-07 15:36:43	10	0	0	0
    10043	2014-03-07 15:40:53	10	0	0	0
    10110	2014-03-07 15:43:50	10	0	0	0
    10060	2014-03-07 15:52:16	10	0	0	0
    10057	2014-03-07 15:55:35	10	0	0	0
    10144	2014-03-07 16:03:43	10	0	0	0
    10022	2014-03-07 16:05:40	10	0	0	0
    10021	2014-03-07 16:09:46	10	0	0	0
    10133	2014-03-07 16:09:51	10	0	0	0
    10032	2014-03-07 16:11:11	10	0	0	0
    10076	2014-03-07 16:11:35	10	0	0	0
    10112	2014-03-07 16:12:45	10	0	0	0
    10098	2014-03-07 16:13:23	10	0	0	0
    10009	2014-03-07 16:16:44	10	0	0	0
    10074	2014-03-07 16:16:50	10	0	0	0
    10010	2014-03-07 16:23:24	10	0	0	0
    10114	2014-03-07 16:23:52	10	0	0	0
    10017	2014-03-07 16:24:48	10	0	0	0
    10041	2014-03-07 16:24:52	10	0	0	0
    10047	2014-03-07 16:24:55	10	0	0	0
    10097	2014-03-07 16:30:18	10	0	0	0
    10077	2014-03-07 16:30:25	10	0	0	0
    10113	2014-03-07 16:31:05	10	0	0	0
    10146	2014-03-07 16:33:39	10	0	0	0
    10105	2014-03-07 16:34:06	10	0	0	0
    10134	2014-03-07 16:34:56	10	0	0	0
    10154	2014-03-07 16:37:14	10	0	0	0
    10082	2014-03-07 16:40:04	10	0	0	0
    10100	2014-03-07 16:40:21	10	0	0	0
    10019	2014-03-07 16:40:27	10	0	0	0
    10158	2014-03-07 16:42:35	10	0	0	0
    10099	2014-03-07 16:43:10	10	0	0	0
    10083	2014-03-07 16:43:16	10	0	0	0
    10013	2014-03-07 16:45:59	10	0	0	0
    10085	2014-03-07 16:46:19	10	0	0	0
    10042	2014-03-07 16:46:27	10	0	0	0
    10155	2014-03-07 16:52:07	10	0	0	0
    10139	2014-03-07 16:52:10	10	0	0	0
    10157	2014-03-07 16:52:17	10	0	0	0
    10148	2014-03-07 16:53:16	10	0	0	0
    10040	2014-03-07 16:55:03	10	0	0	0
    10131	2014-03-07 16:56:50	10	0	0	0
    10049	2014-03-07 16:56:55	10	0	0	0
    10088	2014-03-07 16:57:57	10	0	0	0
    10109	2014-03-07 17:00:21	10	0	0	0
    10075	2014-03-07 17:00:25	10	0	0	0
    10149	2014-03-07 17:00:32	10	0	0	0
    10125	2014-03-07 17:07:16	10	0	0	0
    10002	2014-03-07 17:09:04	10	0	0	0
    10140	2014-03-07 17:09:08	10	0	0	0
    10027	2014-03-07 17:10:04	10	0	0	0
    10046	2014-03-07 17:10:09	10	0	0	0
    10014	2014-03-07 17:10:18	10	0	0	0
    10159	2014-03-07 17:10:43	10	0	0	0
    10102	2014-03-07 17:11:15	10	0	0	0
    10036	2014-03-07 17:15:37	10	0	0	0
    10055	2014-03-07 17:17:41	10	0	0	0
    10037	2014-03-07 17:29:03	10	0	0	0
    10137	2014-03-07 17:29:07	10	0	0	0
    10106	2014-03-07 17:29:25	10	0	0	0
    10152	2014-03-07 17:29:30	10	0	0	0
    10091	2014-03-07 17:30:55	10	0	0	0
    10066	2014-03-07 17:33:36	10	0	0	0
    10034	2014-03-07 17:33:40	10	0	0	0
    10150	2014-03-07 17:36:53	10	0	0	0
    10087	2014-03-07 17:38:20	10	0	0	0
    10072	2014-03-07 17:38:29	10	0	0	0
    10033	2014-03-07 17:38:55	10	0	0	0
    10128	2014-03-07 18:00:36	10	0	0	0
    10128	2014-03-07 18:00:38	10	0	0	0
    10160	2014-03-07 18:12:14	10	0	0	0
    10142	2014-03-07 18:12:19	10	0	0	0
    10026	2014-03-07 18:22:07	10	0	0	0
    10065	2014-03-07 18:45:04	10	0	0	0
    10112	2014-03-07 18:45:08	10	0	0	0
    10130	2014-03-07 18:45:11	10	0	0	0
    10141	2014-03-08 00:58:56	10	0	0	0
    10156	2014-03-08 00:59:03	10	0	0	0
    10138	2014-03-08 12:24:41	10	0	0	0
    10070	2014-03-10 06:12:23	10	0	0	0
    10062	2014-03-10 06:44:40	10	0	0	0
    10056	2014-03-10 06:47:03	10	0	0	0
    10029	2014-03-10 06:47:17	10	0	0	0
    10134	2014-03-10 06:49:05	10	0	0	0
    10134	2014-03-10 06:49:08	10	0	0	0
    10122	2014-03-10 06:50:19	10	0	0	0
    10053	2014-03-10 06:52:23	10	0	0	0
    10072	2014-03-10 06:56:03	10	0	0	0
    10022	2014-03-10 06:56:12	10	0	0	0
    10034	2014-03-10 06:58:19	10	0	0	0
    10115	2014-03-10 07:05:48	10	0	0	0
    10075	2014-03-10 07:08:39	10	0	0	0
    10032	2014-03-10 07:08:56	10	0	0	0
    10142	2014-03-10 07:09:51	10	0	0	0
    10037	2014-03-10 07:10:06	10	0	0	0
    10037	2014-03-10 07:10:09	10	0	0	0
    10130	2014-03-10 07:11:07	10	0	0	0
    10018	2014-03-10 07:11:19	10	0	0	0
    10083	2014-03-10 07:11:44	10	0	0	0
    10068	2014-03-10 07:12:04	10	0	0	0
    10074	2014-03-10 07:12:50	10	0	0	0
    10088	2014-03-10 07:12:59	10	0	0	0
    10110	2014-03-10 07:17:37	10	0	0	0
    10013	2014-03-10 07:17:48	10	0	0	0
    10036	2014-03-10 07:22:00	10	0	0	0
    10025	2014-03-10 07:22:54	10	0	0	0
    10100	2014-03-10 07:23:02	10	0	0	0
    10063	2014-03-10 07:23:08	10	0	0	0
    10009	2014-03-10 07:23:18	10	0	0	0
    10109	2014-03-10 07:23:22	10	0	0	0
    10021	2014-03-10 07:23:42	10	0	0	0
    10021	2014-03-10 07:23:45	10	0	0	0
    10092	2014-03-10 07:23:51	10	0	0	0
    10030	2014-03-10 07:24:42	10	0	0	0
    10039	2014-03-10 07:24:59	10	0	0	0
    10114	2014-03-10 07:28:11	10	0	0	0
    10105	2014-03-10 07:29:14	10	0	0	0
    10038	2014-03-10 07:33:47	10	0	0	0
    10043	2014-03-10 07:34:25	10	0	0	0
    10077	2014-03-10 07:53:12	10	0	0	0
    10157	2014-03-10 07:53:41	10	0	0	0
    10158	2014-03-10 07:54:10	10	0	0	0
    10116	2014-03-10 07:54:37	10	0	0	0
    10041	2014-03-10 07:55:04	10	0	0	0
    10133	2014-03-10 07:55:21	10	0	0	0
    10149	2014-03-10 07:55:43	10	0	0	0
    10014	2014-03-10 07:57:30	10	0	0	0
    10111	2014-03-10 07:57:35	10	0	0	0
    10073	2014-03-10 07:57:39	10	0	0	0
    10042	2014-03-10 07:58:19	10	0	0	0
    10097	2014-03-10 07:59:23	10	0	0	0
    10052	2014-03-10 07:59:29	10	0	0	0
    10028	2014-03-10 07:59:35	10	0	0	0
    10046	2014-03-10 08:00:25	10	0	0	0
    10040	2014-03-10 08:01:28	10	0	0	0
    10086	2014-03-10 08:02:16	10	0	0	0
    10027	2014-03-10 08:02:27	10	0	0	0
    10155	2014-03-10 08:03:02	10	0	0	0
    10081	2014-03-10 08:03:09	10	0	0	0
    10033	2014-03-10 08:04:24	10	0	0	0
    10012	2014-03-10 08:05:14	10	0	0	0
    10019	2014-03-10 08:10:12	10	0	0	0
    10045	2014-03-10 08:10:28	10	0	0	0
    10055	2014-03-10 08:14:30	10	0	0	0
    10071	2014-03-10 08:20:00	10	0	0	0
    10049	2014-03-10 08:21:38	10	0	0	0
    10131	2014-03-10 08:26:33	10	0	0	0
    10136	2014-03-10 08:26:42	10	0	0	0
    10066	2014-03-10 08:26:49	10	0	0	0
    10112	2014-03-10 08:28:35	10	0	0	0
    10146	2014-03-10 08:33:12	10	0	0	0
    10160	2014-03-10 08:36:23	10	0	0	0
    10132	2014-03-10 08:48:11	10	0	0	0
    10104	2014-03-10 08:50:29	10	0	0	0
    10107	2014-03-10 08:52:27	10	0	0	0
    10010	2014-03-10 08:54:25	10	0	0	0
    10098	2014-03-10 08:55:07	10	0	0	0
    10150	2014-03-10 08:57:54	10	0	0	0
    10076	2014-03-10 09:00:46	10	0	0	0
    10148	2014-03-10 09:01:21	10	0	0	0
    10048	2014-03-10 09:03:49	10	0	0	0
    10139	2014-03-10 09:15:52	10	0	0	0
    10065	2014-03-10 09:17:00	10	0	0	0
    10078	2014-03-10 09:20:50	10	0	0	0
    10144	2014-03-10 09:22:44	10	0	0	0
    10156	2014-03-10 09:28:41	10	0	0	0
    10154	2014-03-10 09:52:03	10	0	0	0
    10082	2014-03-10 09:54:50	10	0	0	0
    10058	2014-03-10 09:58:32	10	0	0	0
    10096	2014-03-10 09:58:36	10	0	0	0
    10125	2014-03-10 10:03:32	10	0	0	0
    10152	2014-03-10 10:29:41	10	0	0	0
    10113	2014-03-10 10:29:50	10	0	0	0
    10057	2014-03-10 10:39:54	10	0	0	0
    10153	2014-03-10 11:09:55	10	0	0	0
    10138	2014-03-10 11:28:28	10	0	0	0
    10140	2014-03-10 12:35:24	10	0	0	0
    10107	2014-03-10 14:59:12	10	0	0	0
    10018	2014-03-10 14:59:20	10	0	0	0
    10062	2014-03-10 15:00:06	10	0	0	0
    10104	2014-03-10 15:18:05	10	0	0	0
    10029	2014-03-10 15:32:24	10	0	0	0
    10116	2014-03-10 15:44:17	10	0	0	0
    10032	2014-03-10 16:06:09	10	0	0	0
    10021	2014-03-10 16:10:59	10	0	0	0
    10021	2014-03-10 16:11:02	10	0	0	0
    10071	2014-03-10 16:16:00	10	0	0	0
    10098	2014-03-10 16:22:35	10	0	0	0
    10048	2014-03-10 16:26:43	10	0	0	0
    10133	2014-03-10 16:30:56	10	0	0	0
    10036	2014-03-10 16:31:46	10	0	0	0
    10074	2014-03-10 16:32:00	10	0	0	0
    10009	2014-03-10 16:32:14	10	0	0	0
    10073	2014-03-10 16:34:32	10	0	0	0
    10046	2014-03-10 16:34:55	10	0	0	0
    10083	2014-03-10 16:35:27	10	0	0	0
    10110	2014-03-10 16:35:40	10	0	0	0
    10053	2014-03-10 16:39:10	10	0	0	0
    10134	2014-03-10 16:39:16	10	0	0	0
    10043	2014-03-10 16:42:50	10	0	0	0
    10154	2014-03-10 16:43:23	10	0	0	0
    10075	2014-03-10 16:44:04	10	0	0	0
    10136	2014-03-10 16:44:08	10	0	0	0
    10149	2014-03-10 16:44:12	10	0	0	0
    10100	2014-03-10 16:46:02	10	0	0	0
    10050	2014-03-10 16:46:13	10	0	0	0
    10086	2014-03-10 16:46:44	10	0	0	0
    10082	2014-03-10 16:47:08	10	0	0	0
    10055	2014-03-10 16:47:13	10	0	0	0
    10019	2014-03-10 16:47:54	10	0	0	0
    10022	2014-03-10 16:48:32	10	0	0	0
    10052	2014-03-10 16:50:25	10	0	0	0
    10028	2014-03-10 16:50:35	10	0	0	0
    10077	2014-03-10 16:51:50	10	0	0	0
    10040	2014-03-10 16:52:30	10	0	0	0
    10041	2014-03-10 16:53:05	10	0	0	0
    10028	2014-03-10 16:53:13	10	0	0	0
    10042	2014-03-10 16:56:14	10	0	0	0
    10033	2014-03-10 16:56:41	10	0	0	0
    10142	2014-03-10 17:04:34	10	0	0	0
    10113	2014-03-10 17:05:46	10	0	0	0
    10113	2014-03-10 17:05:49	10	0	0	0
    10010	2014-03-10 17:05:55	10	0	0	0
    10039	2014-03-10 17:07:57	10	0	0	0
    10144	2014-03-10 17:07:59	10	0	0	0
    10057	2014-03-10 17:08:24	10	0	0	0
    10044	2014-03-10 17:13:08	10	0	0	0
    10139	2014-03-10 17:22:20	10	0	0	0
    10155	2014-03-10 17:23:32	10	0	0	0
    10072	2014-03-10 17:24:00	10	0	0	0
    10014	2014-03-10 17:24:37	10	0	0	0
    10076	2014-03-10 17:30:15	10	0	0	0
    10030	2014-03-10 17:30:31	10	0	0	0
    10013	2014-03-10 17:33:29	10	0	0	0
    10138	2014-03-10 17:36:43	10	0	0	0
    10105	2014-03-10 17:47:53	10	0	0	0
    10065	2014-03-10 17:49:54	10	0	0	0
    10158	2014-03-10 17:54:46	10	0	0	0
    10119	2014-03-10 17:59:02	10	0	0	0
    10157	2014-03-10 18:06:12	10	0	0	0
    10112	2014-03-10 18:07:51	10	0	0	0
    10130	2014-03-10 18:27:31	10	0	0	0
    10132	2014-03-10 18:47:48	10	0	0	0
    10088	2014-03-10 19:03:21	10	0	0	0
    10097	2014-03-10 19:37:50	10	0	0	0
    10066	2014-03-10 19:37:54	10	0	0	0
    10087	2014-03-10 19:37:56	10	0	0	0
    10034	2014-03-10 19:37:58	10	0	0	0
    10160	2014-03-10 19:38:14	10	0	0	0
    10150	2014-03-10 19:38:36	10	0	0	0
    10037	2014-03-10 20:44:54	10	0	0	0
    10153	2014-03-10 21:14:25	10	0	0	0
    10141	2014-03-10 23:27:25	10	0	0	0
    10156	2014-03-10 23:27:30	10	0	0	0
    10039	2014-03-11 06:25:05	10	0	0	0
    10070	2014-03-11 06:25:29	10	0	0	0
    10122	2014-03-11 07:14:29	10	0	0	0
    10036	2014-03-11 07:25:06	10	0	0	0
    10087	2014-03-11 07:25:54	10	0	0	0
    10072	2014-03-11 07:30:01	10	0	0	0
    10027	2014-03-11 07:47:42	10	0	0	0
    10075	2014-03-11 07:50:04	10	0	0	0
    10012	2014-03-11 07:51:30	10	0	0	0
    10056	2014-03-11 07:51:48	10	0	0	0
    10014	2014-03-11 07:52:58	10	0	0	0
    10022	2014-03-11 07:54:42	10	0	0	0
    10046	2014-03-11 07:55:40	10	0	0	0
    10112	2014-03-11 07:56:23	10	0	0	0
    10114	2014-03-11 07:56:28	10	0	0	0
    10115	2014-03-11 07:59:02	10	0	0	0
    10071	2014-03-11 07:59:19	10	0	0	0
    10134	2014-03-11 08:00:17	10	0	0	0
    10018	2014-03-11 08:03:51	10	0	0	0
    10088	2014-03-11 08:04:30	10	0	0	0
    10032	2014-03-11 08:06:02	10	0	0	0
    10142	2014-03-11 08:07:17	10	0	0	0
    10062	2014-03-11 08:07:23	10	0	0	0
    10133	2014-03-11 08:08:35	10	0	0	0
    10106	2014-03-11 08:10:12	10	0	0	0
    10127	2014-03-11 08:11:55	10	0	0	0
    10155	2014-03-11 08:12:24	10	0	0	0
    10034	2014-03-11 08:12:59	10	0	0	0
    10077	2014-03-11 08:13:47	10	0	0	0
    10105	2014-03-11 08:17:39	10	0	0	0
    10045	2014-03-11 08:20:11	10	0	0	0
    10019	2014-03-11 08:21:02	10	0	0	0
    10040	2014-03-11 08:23:00	10	0	0	0
    10052	2014-03-11 08:24:03	10	0	0	0
    10042	2014-03-11 08:25:52	10	0	0	0
    10049	2014-03-11 08:26:18	10	0	0	0
    10010	2014-03-11 08:26:29	10	0	0	0
    10043	2014-03-11 08:28:36	10	0	0	0
    10055	2014-03-11 08:32:14	10	0	0	0
    10058	2014-03-11 08:33:18	10	0	0	0
    10058	2014-03-11 08:33:21	10	0	0	0
    10130	2014-03-11 08:33:35	10	0	0	0
    10029	2014-03-11 08:34:00	10	0	0	0
    10157	2014-03-11 08:35:31	10	0	0	0
    10001	2014-03-11 08:36:40	10	0	0	0
    10100	2014-03-11 08:36:49	10	0	0	0
    10110	2014-03-11 08:38:01	10	0	0	0
    10092	2014-03-11 08:40:51	10	0	0	0
    10086	2014-03-11 08:41:27	10	0	0	0
    10076	2014-03-11 08:44:57	10	0	0	0
    10026	2014-03-11 08:45:33	10	0	0	0
    10033	2014-03-11 08:46:00	10	0	0	0
    10097	2014-03-11 08:53:29	10	0	0	0
    10020	2014-03-11 08:55:30	10	0	0	0
    10053	2014-03-11 09:02:13	10	0	0	0
    10116	2014-03-11 09:02:22	10	0	0	0
    10136	2014-03-11 09:08:32	10	0	0	0
    10109	2014-03-11 09:08:38	10	0	0	0
    10119	2014-03-11 09:08:42	10	0	0	0
    10074	2014-03-11 09:09:14	10	0	0	0
    10126	2014-03-11 09:10:10	10	0	0	0
    10028	2014-03-11 09:10:16	10	0	0	0
    10151	2014-03-11 09:10:25	10	0	0	0
    10131	2014-03-11 09:11:00	10	0	0	0
    10123	2014-03-11 09:11:11	10	0	0	0
    10158	2014-03-11 09:11:18	10	0	0	0
    10021	2014-03-11 09:17:02	10	0	0	0
    10073	2014-03-11 09:17:42	10	0	0	0
    10104	2014-03-11 09:19:22	10	0	0	0
    10141	2014-03-11 09:22:12	10	0	0	0
    10037	2014-03-11 09:31:48	10	0	0	0
    10066	2014-03-11 09:32:21	10	0	0	0
    10089	2014-03-11 09:35:40	10	0	0	0
    10098	2014-03-11 09:35:57	10	0	0	0
    10044	2014-03-11 09:36:10	10	0	0	0
    10013	2014-03-11 09:38:55	10	0	0	0
    10139	2014-03-11 09:41:24	10	0	0	0
    10081	2014-03-11 09:41:45	10	0	0	0
    10096	2014-03-11 09:44:01	10	0	0	0
    10017	2014-03-11 09:44:05	10	0	0	0
    10009	2014-03-11 09:44:58	10	0	0	0
    10009	2014-03-11 09:45:00	10	0	0	0
    10121	2014-03-11 09:46:09	10	0	0	0
    10160	2014-03-11 09:47:05	10	0	0	0
    10048	2014-03-11 09:50:53	10	0	0	0
    10041	2014-03-11 09:57:22	10	0	0	0
    10125	2014-03-11 09:58:23	10	0	0	0
    10113	2014-03-11 09:59:18	10	0	0	0
    10117	2014-03-11 10:00:33	10	0	0	0
    10065	2014-03-11 10:00:36	10	0	0	0
    10128	2014-03-11 10:03:39	10	0	0	0
    10128	2014-03-11 10:03:41	10	0	0	0
    10152	2014-03-11 10:21:33	10	0	0	0
    10154	2014-03-11 10:26:24	10	0	0	0
    10083	2014-03-11 10:28:37	10	0	0	0
    10038	2014-03-11 10:29:45	10	0	0	0
    10153	2014-03-11 10:34:03	10	0	0	0
    10057	2014-03-11 11:59:21	10	0	0	0
    10127	2014-03-11 14:24:17	10	0	0	0
    10107	2014-03-11 14:59:46	10	0	0	0
    10062	2014-03-11 14:59:54	10	0	0	0
    10104	2014-03-11 15:28:02	10	0	0	0
    10029	2014-03-11 15:49:39	10	0	0	0
    10098	2014-03-11 15:53:50	10	0	0	0
    10116	2014-03-11 15:57:47	10	0	0	0
    10026	2014-03-11 15:58:17	10	0	0	0
    10132	2014-03-11 16:03:37	10	0	0	0
    10048	2014-03-11 16:28:12	10	0	0	0
    10012	2014-03-11 16:30:01	10	0	0	0
    10073	2014-03-11 16:31:12	10	0	0	0
    10110	2014-03-11 16:31:46	10	0	0	0
    10134	2014-03-11 16:32:15	10	0	0	0
    10077	2014-03-11 16:34:30	10	0	0	0
    10154	2014-03-11 16:36:21	10	0	0	0
    10081	2014-03-11 16:37:29	10	0	0	0
    10072	2014-03-11 16:38:55	10	0	0	0
    10055	2014-03-11 16:39:02	10	0	0	0
    10017	2014-03-11 16:39:53	10	0	0	0
    10010	2014-03-11 16:39:59	10	0	0	0
    10082	2014-03-11 16:42:06	10	0	0	0
    10136	2014-03-11 16:43:21	10	0	0	0
    10009	2014-03-11 16:43:31	10	0	0	0
    10074	2014-03-11 16:43:36	10	0	0	0
    10028	2014-03-11 16:44:16	10	0	0	0
    10083	2014-03-11 16:44:41	10	0	0	0
    10126	2014-03-11 16:45:17	10	0	0	0
    10125	2014-03-11 16:45:21	10	0	0	0
    10043	2014-03-11 16:46:36	10	0	0	0
    10114	2014-03-11 16:46:46	10	0	0	0
    10039	2014-03-11 16:46:53	10	0	0	0
    10053	2014-03-11 16:47:51	10	0	0	0
    10144	2014-03-11 16:48:19	10	0	0	0
    10057	2014-03-11 16:48:27	10	0	0	0
    10142	2014-03-11 16:48:30	10	0	0	0
    10113	2014-03-11 16:48:41	10	0	0	0
    10056	2014-03-11 16:51:18	10	0	0	0
    10032	2014-03-11 16:51:23	10	0	0	0
    10086	2014-03-11 16:52:18	10	0	0	0
    10117	2014-03-11 16:52:35	10	0	0	0
    10046	2014-03-11 16:54:26	10	0	0	0
    10151	2014-03-11 16:56:04	10	0	0	0
    10019	2014-03-11 16:58:08	10	0	0	0
    10053	2014-03-11 16:58:14	10	0	0	0
    10119	2014-03-11 16:59:50	10	0	0	0
    10075	2014-03-11 17:00:43	10	0	0	0
    10129	2014-03-11 17:00:51	10	0	0	0
    10151	2014-03-11 17:01:33	10	0	0	0
    10109	2014-03-11 17:02:23	10	0	0	0
    10149	2014-03-11 17:02:28	10	0	0	0
    10041	2014-03-11 17:02:40	10	0	0	0
    10021	2014-03-11 17:06:32	10	0	0	0
    10021	2014-03-11 17:06:34	10	0	0	0
    10076	2014-03-11 17:13:20	10	0	0	0
    10128	2014-03-11 17:16:48	10	0	0	0
    10022	2014-03-11 17:22:05	10	0	0	0
    10105	2014-03-11 17:23:36	10	0	0	0
    10085	2014-03-11 17:23:44	10	0	0	0
    10020	2014-03-11 17:24:07	10	0	0	0
    10044	2014-03-11 17:24:12	10	0	0	0
    10052	2014-03-11 17:24:48	10	0	0	0
    10050	2014-03-11 17:26:48	10	0	0	0
    10131	2014-03-11 17:28:31	10	0	0	0
    10049	2014-03-11 17:28:37	10	0	0	0
    10112	2014-03-11 17:38:30	10	0	0	0
    10013	2014-03-11 17:40:22	10	0	0	0
    10014	2014-03-11 17:47:41	10	0	0	0
    10155	2014-03-11 18:00:57	10	0	0	0
    10139	2014-03-11 18:01:01	10	0	0	0
    10065	2014-03-11 18:01:56	10	0	0	0
    10100	2014-03-11 18:02:17	10	0	0	0
    10041	2014-03-11 18:02:22	10	0	0	0
    10040	2014-03-11 18:02:27	10	0	0	0
    10042	2014-03-11 18:02:31	10	0	0	0
    10027	2014-03-11 18:06:30	10	0	0	0
    10140	2014-03-11 18:14:16	10	0	0	0
    10001	2014-03-11 18:22:18	10	0	0	0
    10157	2014-03-11 18:29:48	10	0	0	0
    10130	2014-03-11 18:30:34	10	0	0	0
    10070	2014-03-11 18:38:54	10	0	0	0
    10091	2014-03-11 18:45:36	10	0	0	0
    10158	2014-03-11 20:38:12	10	0	0	0
    10033	2014-03-11 22:53:39	10	0	0	0
    10034	2014-03-11 22:54:08	10	0	0	0
    10106	2014-03-11 22:54:12	10	0	0	0
    10088	2014-03-11 22:54:17	10	0	0	0
    10091	2014-03-11 22:54:36	10	0	0	0
    10097	2014-03-11 22:56:50	10	0	0	0
    10087	2014-03-11 22:56:53	10	0	0	0
    10150	2014-03-11 22:57:07	10	0	0	0
    10153	2014-03-11 23:01:02	10	0	0	0
    10141	2014-03-11 23:21:41	10	0	0	0
    10160	2014-03-11 23:21:49	10	0	0	0
    10070	2014-03-12 06:08:54	10	0	0	0
    10122	2014-03-12 06:56:45	10	0	0	0
    10142	2014-03-12 06:59:01	10	0	0	0
    10012	2014-03-12 07:09:02	10	0	0	0
    10115	2014-03-12 07:12:20	10	0	0	0
    10072	2014-03-12 07:13:30	10	0	0	0
    10034	2014-03-12 07:21:21	10	0	0	0
    10022	2014-03-12 07:21:54	10	0	0	0
    10058	2014-03-12 07:25:05	10	0	0	0
    10087	2014-03-12 07:25:35	10	0	0	0
    10014	2014-03-12 07:29:03	10	0	0	0
    10114	2014-03-12 07:31:34	10	0	0	0
    10046	2014-03-12 07:31:41	10	0	0	0
    10056	2014-03-12 07:37:13	10	0	0	0
    10071	2014-03-12 07:37:46	10	0	0	0
    10105	2014-03-12 07:38:08	10	0	0	0
    10130	2014-03-12 07:40:38	10	0	0	0
    10112	2014-03-12 07:40:42	10	0	0	0
    10134	2014-03-12 07:40:53	10	0	0	0
    10134	2014-03-12 07:40:56	10	0	0	0
    10018	2014-03-12 07:42:46	10	0	0	0
    10099	2014-03-12 07:46:30	10	0	0	0
    10086	2014-03-12 07:46:49	10	0	0	0
    10088	2014-03-12 07:47:00	10	0	0	0
    10106	2014-03-12 07:49:40	10	0	0	0
    10133	2014-03-12 07:52:30	10	0	0	0
    10075	2014-03-12 07:52:49	10	0	0	0
    10025	2014-03-12 07:54:02	10	0	0	0
    10052	2014-03-12 07:54:06	10	0	0	0
    10028	2014-03-12 07:54:16	10	0	0	0
    10055	2014-03-12 07:55:45	10	0	0	0
    10062	2014-03-12 07:56:44	10	0	0	0
    10127	2014-03-12 07:56:52	10	0	0	0
    10107	2014-03-12 07:57:45	10	0	0	0
    10057	2014-03-12 07:57:54	10	0	0	0
    10010	2014-03-12 07:58:19	10	0	0	0
    10100	2014-03-12 07:58:22	10	0	0	0
    10110	2014-03-12 07:58:46	10	0	0	0
    10032	2014-03-12 08:01:02	10	0	0	0
    10039	2014-03-12 08:04:16	10	0	0	0
    10045	2014-03-12 08:04:30	10	0	0	0
    10013	2014-03-12 08:06:03	10	0	0	0
    10033	2014-03-12 08:08:44	10	0	0	0
    10060	2014-03-12 08:10:51	10	0	0	0
    10097	2014-03-12 08:14:22	10	0	0	0
    10066	2014-03-12 08:16:07	10	0	0	0
    10043	2014-03-12 08:20:15	10	0	0	0
    10092	2014-03-12 08:20:35	10	0	0	0
    10019	2014-03-12 08:20:38	10	0	0	0
    10077	2014-03-12 08:21:02	10	0	0	0
    10042	2014-03-12 08:22:05	10	0	0	0
    10036	2014-03-12 08:22:20	10	0	0	0
    10125	2014-03-12 08:22:26	10	0	0	0
    10026	2014-03-12 08:22:30	10	0	0	0
    10139	2014-03-12 08:33:44	10	0	0	0
    10141	2014-03-12 08:33:48	10	0	0	0
    10029	2014-03-12 08:33:52	10	0	0	0
    10050	2014-03-12 08:33:56	10	0	0	0
    10111	2014-03-12 08:34:03	10	0	0	0
    10158	2014-03-12 08:36:34	10	0	0	0
    10040	2014-03-12 08:41:44	10	0	0	0
    10155	2014-03-12 08:42:33	10	0	0	0
    10027	2014-03-12 08:45:19	10	0	0	0
    10035	2014-03-12 08:45:24	10	0	0	0
    10119	2014-03-12 08:47:41	10	0	0	0
    10104	2014-03-12 08:47:44	10	0	0	0
    10157	2014-03-12 08:47:48	10	0	0	0
    10089	2014-03-12 08:50:02	10	0	0	0
    10021	2014-03-12 08:52:12	10	0	0	0
    10116	2014-03-12 08:54:35	10	0	0	0
    10146	2014-03-12 08:55:59	10	0	0	0
    10098	2014-03-12 08:57:22	10	0	0	0
    10074	2014-03-12 09:00:21	10	0	0	0
    10109	2014-03-12 09:00:26	10	0	0	0
    10049	2014-03-12 09:00:30	10	0	0	0
    10128	2014-03-12 09:00:48	10	0	0	0
    10073	2014-03-12 09:01:58	10	0	0	0
    10149	2014-03-12 09:03:28	10	0	0	0
    10002	2014-03-12 09:04:27	10	0	0	0
    10160	2014-03-12 09:14:24	10	0	0	0
    10048	2014-03-12 09:15:39	10	0	0	0
    10131	2014-03-12 09:16:26	10	0	0	0
    10044	2014-03-12 09:16:32	10	0	0	0
    10053	2014-03-12 09:17:13	10	0	0	0
    10095	2014-03-12 09:21:29	10	0	0	0
    10150	2014-03-12 09:22:16	10	0	0	0
    10154	2014-03-12 09:23:15	10	0	0	0
    10015	2014-03-12 09:23:23	10	0	0	0
    10159	2014-03-12 09:25:05	10	0	0	0
    10083	2014-03-12 09:25:21	10	0	0	0
    10020	2014-03-12 09:25:32	10	0	0	0
    10065	2014-03-12 09:26:42	10	0	0	0
    10126	2014-03-12 09:36:25	10	0	0	0
    10078	2014-03-12 09:36:28	10	0	0	0
    10117	2014-03-12 09:41:59	10	0	0	0
    10041	2014-03-12 09:45:20	10	0	0	0
    10113	2014-03-12 09:46:20	10	0	0	0
    10123	2014-03-12 09:55:52	10	0	0	0
    10156	2014-03-12 09:56:39	10	0	0	0
    10017	2014-03-12 10:04:29	10	0	0	0
    10096	2014-03-12 10:08:21	10	0	0	0
    10144	2014-03-12 10:08:29	10	0	0	0
    10081	2014-03-12 10:17:52	10	0	0	0
    10062	2014-03-12 15:00:23	10	0	0	0
    10048	2014-03-12 15:02:19	10	0	0	0
    10104	2014-03-12 15:21:10	10	0	0	0
    10029	2014-03-12 15:30:23	10	0	0	0
    10123	2014-03-12 15:46:07	10	0	0	0
    10040	2014-03-12 15:51:47	10	0	0	0
    10013	2014-03-12 15:51:50	10	0	0	0
    10015	2014-03-12 15:52:51	10	0	0	0
    10110	2014-03-12 16:06:14	10	0	0	0
    10012	2014-03-12 16:08:33	10	0	0	0
    10099	2014-03-12 16:10:40	10	0	0	0
    10032	2014-03-12 16:11:36	10	0	0	0
    10126	2014-03-12 16:15:21	10	0	0	0
    10132	2014-03-12 16:15:48	10	0	0	0
    10131	2014-03-12 16:19:42	10	0	0	0
    10078	2014-03-12 16:19:49	10	0	0	0
    10154	2014-03-12 16:31:05	10	0	0	0
    10053	2014-03-12 16:31:17	10	0	0	0
    10026	2014-03-12 16:36:35	10	0	0	0
    10086	2014-03-12 16:42:08	10	0	0	0
    10028	2014-03-12 16:42:33	10	0	0	0
    10052	2014-03-12 16:42:37	10	0	0	0
    10077	2014-03-12 16:43:56	10	0	0	0
    10042	2014-03-12 16:47:39	10	0	0	0
    10112	2014-03-12 16:47:54	10	0	0	0
    10046	2014-03-12 16:51:35	10	0	0	0
    10055	2014-03-12 16:51:44	10	0	0	0
    10002	2014-03-12 16:55:01	10	0	0	0
    10134	2014-03-12 16:55:05	10	0	0	0
    10159	2014-03-12 16:57:40	10	0	0	0
    10109	2014-03-12 16:59:34	10	0	0	0
    10075	2014-03-12 16:59:54	10	0	0	0
    10149	2014-03-12 17:00:04	10	0	0	0
    10142	2014-03-12 17:01:38	10	0	0	0
    10113	2014-03-12 17:01:40	10	0	0	0
    10144	2014-03-12 17:02:48	10	0	0	0
    10125	2014-03-12 17:03:50	10	0	0	0
    10155	2014-03-12 17:04:52	10	0	0	0
    10139	2014-03-12 17:05:21	10	0	0	0
    10083	2014-03-12 17:06:06	10	0	0	0
    10082	2014-03-12 17:06:13	10	0	0	0
    10019	2014-03-12 17:06:17	10	0	0	0
    10079	2014-03-12 17:07:11	10	0	0	0
    10082	2014-03-12 17:07:15	10	0	0	0
    10100	2014-03-12 17:07:18	10	0	0	0
    10128	2014-03-12 17:09:46	10	0	0	0
    10157	2014-03-12 17:11:46	10	0	0	0
    10027	2014-03-12 17:12:30	10	0	0	0
    10036	2014-03-12 17:12:35	10	0	0	0
    10036	2014-03-12 17:12:37	10	0	0	0
    10050	2014-03-12 17:19:53	10	0	0	0
    10061	2014-03-12 17:22:41	10	0	0	0
    10037	2014-03-12 17:27:15	10	0	0	0
    10068	2014-03-12 17:27:22	10	0	0	0
    10105	2014-03-12 17:28:24	10	0	0	0
    10133	2014-03-12 17:28:27	10	0	0	0
    10114	2014-03-12 17:29:21	10	0	0	0
    10119	2014-03-12 17:29:25	10	0	0	0
    10146	2014-03-12 17:29:35	10	0	0	0
    10130	2014-03-12 17:30:02	10	0	0	0
    10010	2014-03-12 17:30:25	10	0	0	0
    10085	2014-03-12 17:40:41	10	0	0	0
    10060	2014-03-12 18:00:13	10	0	0	0
    10020	2014-03-12 18:09:54	10	0	0	0
    10034	2014-03-12 18:20:06	10	0	0	0
    10065	2014-03-12 18:56:24	10	0	0	0
    10097	2014-03-12 19:38:44	10	0	0	0
    10106	2014-03-12 19:43:30	10	0	0	0
    10087	2014-03-12 19:50:06	10	0	0	0
    10068	2014-03-12 19:50:09	10	0	0	0
    10150	2014-03-12 19:56:03	10	0	0	0
    10160	2014-03-12 20:14:16	10	0	0	0
    10160	2014-03-12 20:14:19	10	0	0	0
    10141	2014-03-12 22:34:25	10	0	0	0
    10122	2014-03-13 06:55:43	10	0	0	0
    10020	2014-03-13 07:03:07	10	0	0	0
    10142	2014-03-13 07:06:10	10	0	0	0
    10110	2014-03-13 07:08:06	10	0	0	0
    10070	2014-03-13 07:14:12	10	0	0	0
    10072	2014-03-13 07:24:12	10	0	0	0
    10158	2014-03-13 07:24:30	10	0	0	0
    10066	2014-03-13 07:27:14	10	0	0	0
    10105	2014-03-13 07:28:23	10	0	0	0
    10018	2014-03-13 07:30:24	10	0	0	0
    10112	2014-03-13 07:30:31	10	0	0	0
    10115	2014-03-13 07:32:56	10	0	0	0
    10014	2014-03-13 07:33:34	10	0	0	0
    10022	2014-03-13 07:34:04	10	0	0	0
    10046	2014-03-13 07:36:18	10	0	0	0
    10056	2014-03-13 07:37:24	10	0	0	0
    10010	2014-03-13 07:37:46	10	0	0	0
    10021	2014-03-13 07:40:31	10	0	0	0
    10021	2014-03-13 07:40:33	10	0	0	0
    10034	2014-03-13 07:42:13	10	0	0	0
    10034	2014-03-13 07:42:16	10	0	0	0
    10034	2014-03-13 07:42:18	10	0	0	0
    10012	2014-03-13 07:43:07	10	0	0	0
    10130	2014-03-13 07:45:30	10	0	0	0
    10036	2014-03-13 07:45:59	10	0	0	0
    10157	2014-03-13 07:48:27	10	0	0	0
    10061	2014-03-13 07:49:22	10	0	0	0
    10088	2014-03-13 07:53:47	10	0	0	0
    10086	2014-03-13 07:55:01	10	0	0	0
    10062	2014-03-13 07:55:58	10	0	0	0
    10127	2014-03-13 07:56:47	10	0	0	0
    10032	2014-03-13 07:57:40	10	0	0	0
    10097	2014-03-13 07:59:35	10	0	0	0
    10068	2014-03-13 08:02:42	10	0	0	0
    10052	2014-03-13 08:02:58	10	0	0	0
    10055	2014-03-13 08:05:53	10	0	0	0
    10106	2014-03-13 08:05:56	10	0	0	0
    10159	2014-03-13 08:06:35	10	0	0	0
    10133	2014-03-13 08:06:39	10	0	0	0
    10042	2014-03-13 08:09:33	10	0	0	0
    10149	2014-03-13 08:09:42	10	0	0	0
    10058	2014-03-13 08:10:26	10	0	0	0
    10026	2014-03-13 08:18:18	10	0	0	0
    10037	2014-03-13 08:20:12	10	0	0	0
    10092	2014-03-13 08:21:59	10	0	0	0
    10141	2014-03-13 08:23:33	10	0	0	0
    10027	2014-03-13 08:27:49	10	0	0	0
    10073	2014-03-13 08:28:34	10	0	0	0
    10029	2014-03-13 08:29:55	10	0	0	0
    10049	2014-03-13 08:31:42	10	0	0	0
    10001	2014-03-13 08:32:16	10	0	0	0
    10077	2014-03-13 08:37:09	10	0	0	0
    10099	2014-03-13 08:38:07	10	0	0	0
    10040	2014-03-13 08:40:25	10	0	0	0
    10119	2014-03-13 08:42:03	10	0	0	0
    10100	2014-03-13 08:45:26	10	0	0	0
    10095	2014-03-13 08:46:06	10	0	0	0
    10150	2014-03-13 08:47:03	10	0	0	0
    10033	2014-03-13 08:48:46	10	0	0	0
    10043	2014-03-13 08:49:20	10	0	0	0
    10074	2014-03-13 08:49:45	10	0	0	0
    10028	2014-03-13 08:50:29	10	0	0	0
    10139	2014-03-13 08:50:37	10	0	0	0
    10111	2014-03-13 08:50:49	10	0	0	0
    10025	2014-03-13 08:53:02	10	0	0	0
    10063	2014-03-13 08:53:06	10	0	0	0
    10082	2014-03-13 08:53:10	10	0	0	0
    10134	2014-03-13 08:53:40	10	0	0	0
    10144	2014-03-13 08:53:54	10	0	0	0
    10048	2014-03-13 08:54:03	10	0	0	0
    10017	2014-03-13 08:54:49	10	0	0	0
    10023	2014-03-13 09:04:26	10	0	0	0
    10151	2014-03-13 09:07:09	10	0	0	0
    10045	2014-03-13 09:11:54	10	0	0	0
    10148	2014-03-13 09:11:58	10	0	0	0
    10059	2014-03-13 09:12:04	10	0	0	0
    10050	2014-03-13 09:20:41	10	0	0	0
    10131	2014-03-13 09:21:35	10	0	0	0
    10098	2014-03-13 09:29:13	10	0	0	0
    10089	2014-03-13 09:32:20	10	0	0	0
    10104	2014-03-13 09:34:22	10	0	0	0
    10044	2014-03-13 09:37:11	10	0	0	0
    10083	2014-03-13 09:39:55	10	0	0	0
    10116	2014-03-13 09:42:10	10	0	0	0
    10041	2014-03-13 09:46:42	10	0	0	0
    10065	2014-03-13 09:55:33	10	0	0	0
    10121	2014-03-13 09:58:21	10	0	0	0
    10154	2014-03-13 09:59:56	10	0	0	0
    10076	2014-03-13 10:06:20	10	0	0	0
    10152	2014-03-13 10:10:47	10	0	0	0
    10079	2014-03-13 10:39:23	10	0	0	0
    10153	2014-03-13 11:46:21	10	0	0	0
    10048	2014-03-13 13:11:54	10	0	0	0
    10138	2014-03-13 13:51:04	10	0	0	0
    10127	2014-03-13 14:21:42	10	0	0	0
    10062	2014-03-13 14:57:34	10	0	0	0
    10012	2014-03-13 14:58:30	10	0	0	0
    10081	2014-03-13 15:14:15	10	0	0	0
    10055	2014-03-13 15:25:58	10	0	0	0
    10131	2014-03-13 16:11:35	10	0	0	0
    10078	2014-03-13 16:11:37	10	0	0	0
    10049	2014-03-13 16:12:08	10	0	0	0
    10032	2014-03-13 16:12:17	10	0	0	0
    10046	2014-03-13 16:29:23	10	0	0	0
    10111	2014-03-13 16:30:37	10	0	0	0
    10092	2014-03-13 16:30:44	10	0	0	0
    10154	2014-03-13 16:32:07	10	0	0	0
    10112	2014-03-13 16:34:27	10	0	0	0
    10063	2014-03-13 16:37:41	10	0	0	0
    10025	2014-03-13 16:37:50	10	0	0	0
    10043	2014-03-13 16:38:34	10	0	0	0
    10116	2014-03-13 16:39:54	10	0	0	0
    10082	2014-03-13 16:40:29	10	0	0	0
    10026	2014-03-13 16:40:35	10	0	0	0
    10079	2014-03-13 16:41:10	10	0	0	0
    10058	2014-03-13 16:41:47	10	0	0	0
    10113	2014-03-13 16:42:16	10	0	0	0
    10113	2014-03-13 16:42:18	10	0	0	0
    10042	2014-03-13 16:44:34	10	0	0	0
    10100	2014-03-13 16:44:41	10	0	0	0
    10019	2014-03-13 16:45:02	10	0	0	0
    10050	2014-03-13 16:45:06	10	0	0	0
    10044	2014-03-13 16:45:17	10	0	0	0
    10041	2014-03-13 16:46:13	10	0	0	0
    10002	2014-03-13 16:47:35	10	0	0	0
    10022	2014-03-13 16:48:04	10	0	0	0
    10083	2014-03-13 16:48:10	10	0	0	0
    10077	2014-03-13 16:48:15	10	0	0	0
    10134	2014-03-13 16:48:29	10	0	0	0
    10149	2014-03-13 16:48:37	10	0	0	0
    10139	2014-03-13 16:48:41	10	0	0	0
    10089	2014-03-13 16:51:57	10	0	0	0
    10017	2014-03-13 16:54:03	10	0	0	0
    10096	2014-03-13 16:55:33	10	0	0	0
    10140	2014-03-13 16:55:43	10	0	0	0
    10126	2014-03-13 16:58:47	10	0	0	0
    10052	2014-03-13 17:07:28	10	0	0	0
    10099	2014-03-13 17:16:54	10	0	0	0
    10027	2014-03-13 17:17:05	10	0	0	0
    10146	2014-03-13 17:20:44	10	0	0	0
    10014	2014-03-13 17:31:05	10	0	0	0
    10148	2014-03-13 17:32:10	10	0	0	0
    10101	2014-03-13 17:32:21	10	0	0	0
    10010	2014-03-13 17:37:17	10	0	0	0
    10128	2014-03-13 17:37:26	10	0	0	0
    10150	2014-03-13 17:55:56	10	0	0	0
    10130	2014-03-13 17:58:19	10	0	0	0
    10001	2014-03-13 17:59:28	10	0	0	0
    10076	2014-03-13 17:59:33	10	0	0	0
    10142	2014-03-13 17:59:42	10	0	0	0
    10085	2014-03-13 18:02:52	10	0	0	0
    10105	2014-03-13 18:02:56	10	0	0	0
    10159	2014-03-13 18:03:01	10	0	0	0
    10021	2014-03-13 18:05:18	10	0	0	0
    10034	2014-03-13 18:05:26	10	0	0	0
    10061	2014-03-13 18:07:05	10	0	0	0
    10068	2014-03-13 18:07:07	10	0	0	0
    10040	2014-03-13 18:07:17	10	0	0	0
    10037	2014-03-13 18:20:02	10	0	0	0
    10160	2014-03-13 18:51:28	10	0	0	0
    10157	2014-03-13 18:52:18	10	0	0	0
    10132	2014-03-13 19:05:32	10	0	0	0
    10153	2014-03-13 23:05:16	10	0	0	0
    10070	2014-03-14 06:19:28	10	0	0	0
    10075	2014-03-14 07:16:26	10	0	0	0
    10012	2014-03-14 07:17:12	10	0	0	0
    10036	2014-03-14 07:17:52	10	0	0	0
    10020	2014-03-14 07:23:15	10	0	0	0
    10020	2014-03-14 07:23:17	10	0	0	0
    10046	2014-03-14 07:25:24	10	0	0	0
    10137	2014-03-14 07:31:14	10	0	0	0
    10018	2014-03-14 07:31:32	10	0	0	0
    10130	2014-03-14 07:31:51	10	0	0	0
    10045	2014-03-14 07:33:47	10	0	0	0
    10112	2014-03-14 07:34:18	10	0	0	0
    10115	2014-03-14 07:40:02	10	0	0	0
    10025	2014-03-14 07:40:24	10	0	0	0
    10063	2014-03-14 07:40:33	10	0	0	0
    10113	2014-03-14 07:41:04	10	0	0	0
    10113	2014-03-14 07:41:06	10	0	0	0
    10105	2014-03-14 07:41:44	10	0	0	0
    10122	2014-03-14 07:43:23	10	0	0	0
    10062	2014-03-14 07:46:10	10	0	0	0
    10127	2014-03-14 07:46:15	10	0	0	0
    10134	2014-03-14 07:52:19	10	0	0	0
    10134	2014-03-14 07:52:22	10	0	0	0
    10056	2014-03-14 07:53:25	10	0	0	0
    10106	2014-03-14 08:01:00	10	0	0	0
    10013	2014-03-14 08:01:24	10	0	0	0
    10026	2014-03-14 08:01:44	10	0	0	0
    10157	2014-03-14 08:03:49	10	0	0	0
    10133	2014-03-14 08:04:11	10	0	0	0
    10038	2014-03-14 08:04:40	10	0	0	0
    10100	2014-03-14 08:06:14	10	0	0	0
    10014	2014-03-14 08:10:25	10	0	0	0
    10001	2014-03-14 08:11:32	10	0	0	0
    10071	2014-03-14 08:14:38	10	0	0	0
    10149	2014-03-14 08:14:57	10	0	0	0
    10052	2014-03-14 08:16:06	10	0	0	0
    10049	2014-03-14 08:16:13	10	0	0	0
    10068	2014-03-14 08:16:33	10	0	0	0
    10141	2014-03-14 08:17:44	10	0	0	0
    10077	2014-03-14 08:18:26	10	0	0	0
    10043	2014-03-14 08:19:56	10	0	0	0
    10110	2014-03-14 08:20:03	10	0	0	0
    10042	2014-03-14 08:20:10	10	0	0	0
    10010	2014-03-14 08:22:15	10	0	0	0
    10029	2014-03-14 08:23:30	10	0	0	0
    10092	2014-03-14 08:23:33	10	0	0	0
    10144	2014-03-14 08:25:47	10	0	0	0
    10041	2014-03-14 08:26:29	10	0	0	0
    10032	2014-03-14 08:26:40	10	0	0	0
    10146	2014-03-14 08:29:30	10	0	0	0
    10128	2014-03-14 08:31:00	10	0	0	0
    10055	2014-03-14 08:32:21	10	0	0	0
    10037	2014-03-14 08:36:55	10	0	0	0
    10027	2014-03-14 08:39:43	10	0	0	0
    10074	2014-03-14 08:40:56	10	0	0	0
    10044	2014-03-14 08:44:43	10	0	0	0
    10109	2014-03-14 08:47:58	10	0	0	0
    10028	2014-03-14 08:48:25	10	0	0	0
    10078	2014-03-14 08:48:43	10	0	0	0
    10142	2014-03-14 08:52:14	10	0	0	0
    10021	2014-03-14 08:54:40	10	0	0	0
    10111	2014-03-14 08:55:43	10	0	0	0
    10123	2014-03-14 08:57:30	10	0	0	0
    10040	2014-03-14 08:58:41	10	0	0	0
    10104	2014-03-14 08:58:46	10	0	0	0
    10050	2014-03-14 09:00:01	10	0	0	0
    10073	2014-03-14 09:00:05	10	0	0	0
    10022	2014-03-14 09:01:07	10	0	0	0
    10061	2014-03-14 09:01:11	10	0	0	0
    10098	2014-03-14 09:01:41	10	0	0	0
    10159	2014-03-14 09:03:05	10	0	0	0
    10059	2014-03-14 09:06:34	10	0	0	0
    10082	2014-03-14 09:06:37	10	0	0	0
    10150	2014-03-14 09:08:04	10	0	0	0
    10131	2014-03-14 09:08:17	10	0	0	0
    10119	2014-03-14 09:10:18	10	0	0	0
    10058	2014-03-14 09:11:33	10	0	0	0
    10058	2014-03-14 09:11:36	10	0	0	0
    10048	2014-03-14 09:17:06	10	0	0	0
    10095	2014-03-14 09:21:53	10	0	0	0
    10085	2014-03-14 09:23:13	10	0	0	0
    10079	2014-03-14 09:28:41	10	0	0	0
    10083	2014-03-14 09:33:55	10	0	0	0
    10065	2014-03-14 09:50:17	10	0	0	0
    10019	2014-03-14 09:51:31	10	0	0	0
    10069	2014-03-14 10:02:52	10	0	0	0
    10156	2014-03-14 10:03:33	10	0	0	0
    10160	2014-03-14 10:05:56	10	0	0	0
    10148	2014-03-14 10:13:31	10	0	0	0
    10096	2014-03-14 10:26:02	10	0	0	0
    10153	2014-03-14 11:26:30	10	0	0	0
    10048	2014-03-14 13:51:15	10	0	0	0
    10062	2014-03-14 14:49:34	10	0	0	0
    10116	2014-03-14 15:57:44	10	0	0	0
    10150	2014-03-14 15:57:56	10	0	0	0
    10012	2014-03-14 16:03:37	10	0	0	0
    10032	2014-03-14 16:09:52	10	0	0	0
    10026	2014-03-14 16:25:40	10	0	0	0
    10046	2014-03-14 16:34:11	10	0	0	0
    10110	2014-03-14 16:34:50	10	0	0	0
    10149	2014-03-14 16:36:35	10	0	0	0
    10113	2014-03-14 16:37:10	10	0	0	0
    10079	2014-03-14 17:01:50	10	0	0	0
    10092	2014-03-14 17:03:30	10	0	0	0
    10111	2014-03-14 17:03:33	10	0	0	0
    10096	2014-03-14 17:04:19	10	0	0	0
    10146	2014-03-14 17:13:03	10	0	0	0
    10089	2014-03-14 17:18:53	10	0	0	0
    10139	2014-03-14 17:18:55	10	0	0	0
    10063	2014-03-14 17:19:03	10	0	0	0
    10025	2014-03-14 17:19:08	10	0	0	0
    10058	2014-03-14 17:23:57	10	0	0	0
    10044	2014-03-14 17:24:14	10	0	0	0
    10050	2014-03-14 17:24:22	10	0	0	0
    10027	2014-03-14 17:27:17	10	0	0	0
    10014	2014-03-14 17:33:07	10	0	0	0
    10083	2014-03-14 17:35:33	10	0	0	0
    10019	2014-03-14 17:37:01	10	0	0	0
    10082	2014-03-14 17:37:06	10	0	0	0
    10100	2014-03-14 17:58:56	10	0	0	0
    10010	2014-03-14 17:59:17	10	0	0	0
    10142	2014-03-14 18:24:23	10	0	0	0
    10085	2014-03-14 18:28:48	10	0	0	0
    10134	2014-03-14 18:29:17	10	0	0	0
    10126	2014-03-14 18:29:21	10	0	0	0
    10148	2014-03-14 18:33:37	10	0	0	0
    10138	2014-03-14 18:33:41	10	0	0	0
    10159	2014-03-14 18:40:09	10	0	0	0
    10065	2014-03-14 18:40:25	10	0	0	0
    10105	2014-03-14 18:40:55	10	0	0	0
    10021	2014-03-14 18:43:10	10	0	0	0
    10065	2014-03-14 18:52:55	10	0	0	0
    10128	2014-03-14 19:08:11	10	0	0	0
    10013	2014-03-14 19:32:33	10	0	0	0
    10112	2014-03-14 19:33:23	10	0	0	0
    10037	2014-03-14 19:41:43	10	0	0	0
    10160	2014-03-14 19:42:05	10	0	0	0
    10068	2014-03-14 19:43:15	10	0	0	0
    10130	2014-03-14 19:44:27	10	0	0	0
    10001	2014-03-14 19:57:35	10	0	0	0
    10157	2014-03-14 19:57:49	10	0	0	0
    10061	2014-03-14 20:03:38	10	0	0	0
    10040	2014-03-14 20:05:05	10	0	0	0
    10002	2014-03-14 20:26:02	10	0	0	0
    10140	2014-03-14 20:56:37	10	0	0	0
    10141	2014-03-14 21:18:14	10	0	0	0
    10156	2014-03-14 21:18:23	10	0	0	0
    10153	2014-03-14 21:42:34	10	0	0	0
    10142	2014-03-15 16:46:53	10	0	0	0
    10134	2014-03-16 13:51:30	10	0	0	0
    10134	2014-03-16 16:11:22	10	0	0	0
    10088	2014-03-17 06:37:11	10	0	0	0
    10134	2014-03-17 06:48:45	10	0	0	0
    10056	2014-03-17 06:50:39	10	0	0	0
    10024	2014-03-17 06:51:51	10	0	0	0
    10026	2014-03-17 06:51:56	10	0	0	0
    10029	2014-03-17 06:53:03	10	0	0	0
    10036	2014-03-17 06:57:50	10	0	0	0
    10074	2014-03-17 06:58:02	10	0	0	0
    10077	2014-03-17 07:01:44	10	0	0	0
    10032	2014-03-17 07:02:32	10	0	0	0
    10070	2014-03-17 07:05:35	10	0	0	0
    10072	2014-03-17 07:05:41	10	0	0	0
    10112	2014-03-17 07:07:44	10	0	0	0
    10115	2014-03-17 07:11:07	10	0	0	0
    10079	2014-03-17 07:14:44	10	0	0	0
    10038	2014-03-17 07:14:48	10	0	0	0
    10022	2014-03-17 07:18:26	10	0	0	0
    10018	2014-03-17 07:19:23	10	0	0	0
    10037	2014-03-17 07:19:59	10	0	0	0
    10012	2014-03-17 07:20:46	10	0	0	0
    10110	2014-03-17 07:20:55	10	0	0	0
    10130	2014-03-17 07:21:50	10	0	0	0
    10062	2014-03-17 07:22:33	10	0	0	0
    10013	2014-03-17 07:22:48	10	0	0	0
    10106	2014-03-17 07:22:53	10	0	0	0
    10089	2014-03-17 07:23:07	10	0	0	0
    10063	2014-03-17 07:24:42	10	0	0	0
    10025	2014-03-17 07:24:48	10	0	0	0
    10039	2014-03-17 07:24:55	10	0	0	0
    10082	2014-03-17 07:25:18	10	0	0	0
    10082	2014-03-17 07:25:21	10	0	0	0
    10113	2014-03-17 07:25:33	10	0	0	0
    10122	2014-03-17 07:25:36	10	0	0	0
    10010	2014-03-17 07:26:36	10	0	0	0
    10133	2014-03-17 07:29:10	10	0	0	0
    10157	2014-03-17 07:29:25	10	0	0	0
    10157	2014-03-17 07:29:27	10	0	0	0
    10119	2014-03-17 07:53:17	10	0	0	0
    10111	2014-03-17 07:53:58	10	0	0	0
    10014	2014-03-17 07:54:02	10	0	0	0
    10086	2014-03-17 07:54:09	10	0	0	0
    10071	2014-03-17 07:54:17	10	0	0	0
    10128	2014-03-17 07:54:41	10	0	0	0
    10044	2014-03-17 07:54:53	10	0	0	0
    10116	2014-03-17 07:55:10	10	0	0	0
    10149	2014-03-17 07:55:22	10	0	0	0
    10097	2014-03-17 07:55:46	10	0	0	0
    10033	2014-03-17 07:56:25	10	0	0	0
    10046	2014-03-17 07:57:56	10	0	0	0
    10091	2014-03-17 07:59:08	10	0	0	0
    10081	2014-03-17 08:01:58	10	0	0	0
    10050	2014-03-17 08:04:03	10	0	0	0
    10017	2014-03-17 08:04:21	10	0	0	0
    10114	2014-03-17 08:04:29	10	0	0	0
    10045	2014-03-17 08:04:47	10	0	0	0
    10049	2014-03-17 08:06:02	10	0	0	0
    10144	2014-03-17 08:06:21	10	0	0	0
    10052	2014-03-17 08:06:24	10	0	0	0
    10101	2014-03-17 08:08:09	10	0	0	0
    10043	2014-03-17 08:08:16	10	0	0	0
    10109	2014-03-17 08:08:37	10	0	0	0
    10105	2014-03-17 08:09:07	10	0	0	0
    10141	2014-03-17 08:09:52	10	0	0	0
    10027	2014-03-17 08:12:21	10	0	0	0
    10055	2014-03-17 08:14:06	10	0	0	0
    10058	2014-03-17 08:25:26	10	0	0	0
    10060	2014-03-17 08:25:47	10	0	0	0
    10023	2014-03-17 08:25:54	10	0	0	0
    10121	2014-03-17 08:27:13	10	0	0	0
    10158	2014-03-17 08:34:39	10	0	0	0
    10155	2014-03-17 08:35:26	10	0	0	0
    10057	2014-03-17 08:42:08	10	0	0	0
    10083	2014-03-17 08:43:39	10	0	0	0
    10104	2014-03-17 08:46:40	10	0	0	0
    10139	2014-03-17 08:47:54	10	0	0	0
    10131	2014-03-17 08:55:24	10	0	0	0
    10073	2014-03-17 08:55:42	10	0	0	0
    10159	2014-03-17 08:58:08	10	0	0	0
    10061	2014-03-17 08:58:33	10	0	0	0
    10125	2014-03-17 09:12:02	10	0	0	0
    10019	2014-03-17 09:12:52	10	0	0	0
    10053	2014-03-17 09:15:28	10	0	0	0
    10048	2014-03-17 09:21:38	10	0	0	0
    10117	2014-03-17 09:25:40	10	0	0	0
    10095	2014-03-17 09:29:22	10	0	0	0
    10078	2014-03-17 09:31:29	10	0	0	0
    10065	2014-03-17 09:31:32	10	0	0	0
    10021	2014-03-17 09:35:34	10	0	0	0
    10066	2014-03-17 09:35:45	10	0	0	0
    10154	2014-03-17 10:03:52	10	0	0	0
    10153	2014-03-17 10:04:59	10	0	0	0
    10002	2014-03-17 10:10:35	10	0	0	0
    10140	2014-03-17 10:24:01	10	0	0	0
    10037	2014-03-17 13:54:14	10	0	0	0
    10062	2014-03-17 14:42:27	10	0	0	0
    10104	2014-03-17 15:15:52	10	0	0	0
    10048	2014-03-17 15:16:54	10	0	0	0
    10029	2014-03-17 15:29:09	10	0	0	0
    10025	2014-03-17 15:39:45	10	0	0	0
    10092	2014-03-17 15:39:52	10	0	0	0
    10111	2014-03-17 15:39:56	10	0	0	0
    10116	2014-03-17 15:55:38	10	0	0	0
    10069	2014-03-17 15:59:01	10	0	0	0
    10053	2014-03-17 15:59:07	10	0	0	0
    10078	2014-03-17 16:05:36	10	0	0	0
    10133	2014-03-17 16:06:29	10	0	0	0
    10157	2014-03-17 16:13:49	10	0	0	0
    10158	2014-03-17 16:16:45	10	0	0	0
    10081	2014-03-17 16:26:08	10	0	0	0
    10012	2014-03-17 16:29:46	10	0	0	0
    10110	2014-03-17 16:30:50	10	0	0	0
    10056	2014-03-17 16:34:27	10	0	0	0
    10144	2014-03-17 16:34:38	10	0	0	0
    10126	2014-03-17 16:34:44	10	0	0	0
    10125	2014-03-17 16:35:34	10	0	0	0
    10024	2014-03-17 16:36:05	10	0	0	0
    10089	2014-03-17 16:42:22	10	0	0	0
    10058	2014-03-17 16:42:26	10	0	0	0
    10032	2014-03-17 16:43:18	10	0	0	0
    10046	2014-03-17 16:43:22	10	0	0	0
    10027	2014-03-17 16:43:40	10	0	0	0
    10009	2014-03-17 16:44:29	10	0	0	0
    10074	2014-03-17 16:44:40	10	0	0	0
    10017	2014-03-17 16:45:22	10	0	0	0
    10060	2014-03-17 16:46:55	10	0	0	0
    10039	2014-03-17 16:48:26	10	0	0	0
    10149	2014-03-17 16:49:38	10	0	0	0
    10109	2014-03-17 16:49:42	10	0	0	0
    10055	2014-03-17 16:52:58	10	0	0	0
    10139	2014-03-17 16:54:58	10	0	0	0
    10155	2014-03-17 16:55:10	10	0	0	0
    10113	2014-03-17 16:59:24	10	0	0	0
    10033	2014-03-17 16:59:38	10	0	0	0
    10043	2014-03-17 17:02:13	10	0	0	0
    10091	2014-03-17 17:02:16	10	0	0	0
    10019	2014-03-17 17:02:59	10	0	0	0
    10083	2014-03-17 17:03:28	10	0	0	0
    10010	2014-03-17 17:03:53	10	0	0	0
    10061	2014-03-17 17:04:38	10	0	0	0
    10082	2014-03-17 17:04:44	10	0	0	0
    10114	2014-03-17 17:04:49	10	0	0	0
    10119	2014-03-17 17:05:10	10	0	0	0
    10022	2014-03-17 17:05:17	10	0	0	0
    10121	2014-03-17 17:05:39	10	0	0	0
    10073	2014-03-17 17:06:09	10	0	0	0
    10026	2014-03-17 17:10:31	10	0	0	0
    10134	2014-03-17 17:22:31	10	0	0	0
    10097	2014-03-17 17:40:34	10	0	0	0
    10087	2014-03-17 17:40:49	10	0	0	0
    10021	2014-03-17 17:43:24	10	0	0	0
    10066	2014-03-17 17:46:28	10	0	0	0
    10150	2014-03-17 17:46:34	10	0	0	0
    10013	2014-03-17 17:54:28	10	0	0	0
    10079	2014-03-17 17:55:02	10	0	0	0
    10105	2014-03-17 17:55:48	10	0	0	0
    10014	2014-03-17 17:58:32	10	0	0	0
    10159	2014-03-17 17:59:20	10	0	0	0
    10052	2014-03-17 18:04:36	10	0	0	0
    10068	2014-03-17 18:19:06	10	0	0	0
    10065	2014-03-17 18:19:11	10	0	0	0
    10085	2014-03-17 18:22:39	10	0	0	0
    10080	2014-03-17 18:22:47	10	0	0	0
    10147	2014-03-17 18:22:51	10	0	0	0
    10138	2014-03-17 18:30:03	10	0	0	0
    10112	2014-03-17 18:32:53	10	0	0	0
    10130	2014-03-17 18:33:11	10	0	0	0
    10132	2014-03-17 18:33:38	10	0	0	0
    10154	2014-03-17 19:41:26	10	0	0	0
    10140	2014-03-17 20:25:00	10	0	0	0
    10141	2014-03-17 20:51:22	10	0	0	0
    10156	2014-03-17 20:51:28	10	0	0	0
    10153	2014-03-17 23:23:49	10	0	0	0
    10036	2014-03-18 06:55:10	10	0	0	0
    10070	2014-03-18 06:56:12	10	0	0	0
    10020	2014-03-18 07:06:33	10	0	0	0
    10114	2014-03-18 07:13:17	10	0	0	0
    10097	2014-03-18 07:17:29	10	0	0	0
    10122	2014-03-18 07:25:02	10	0	0	0
    10056	2014-03-18 07:30:50	10	0	0	0
    10056	2014-03-18 07:30:52	10	0	0	0
    10024	2014-03-18 07:31:00	10	0	0	0
    10115	2014-03-18 07:31:08	10	0	0	0
    10102	2014-03-18 07:37:05	10	0	0	0
    10022	2014-03-18 07:37:08	10	0	0	0
    10027	2014-03-18 07:37:12	10	0	0	0
    10130	2014-03-18 07:37:16	10	0	0	0
    10012	2014-03-18 07:37:45	10	0	0	0
    10061	2014-03-18 07:39:44	10	0	0	0
    10088	2014-03-18 07:46:28	10	0	0	0
    10014	2014-03-18 07:47:49	10	0	0	0
    10018	2014-03-18 07:48:07	10	0	0	0
    10105	2014-03-18 07:48:24	10	0	0	0
    10134	2014-03-18 07:49:21	10	0	0	0
    10055	2014-03-18 07:51:14	10	0	0	0
    10039	2014-03-18 07:52:58	10	0	0	0
    10072	2014-03-18 07:54:00	10	0	0	0
    10062	2014-03-18 07:55:04	10	0	0	0
    10127	2014-03-18 07:55:38	10	0	0	0
    10028	2014-03-18 07:55:46	10	0	0	0
    10052	2014-03-18 07:57:42	10	0	0	0
    10121	2014-03-18 07:58:15	10	0	0	0
    10058	2014-03-18 08:00:08	10	0	0	0
    10133	2014-03-18 08:04:49	10	0	0	0
    10106	2014-03-18 08:05:37	10	0	0	0
    10086	2014-03-18 08:05:58	10	0	0	0
    10079	2014-03-18 08:08:29	10	0	0	0
    10045	2014-03-18 08:09:08	10	0	0	0
    10146	2014-03-18 08:09:22	10	0	0	0
    10025	2014-03-18 08:14:32	10	0	0	0
    10112	2014-03-18 08:17:42	10	0	0	0
    10092	2014-03-18 08:18:21	10	0	0	0
    10137	2014-03-18 08:19:30	10	0	0	0
    10087	2014-03-18 08:21:02	10	0	0	0
    10026	2014-03-18 08:22:00	10	0	0	0
    10116	2014-03-18 08:24:18	10	0	0	0
    10074	2014-03-18 08:26:59	10	0	0	0
    10029	2014-03-18 08:28:41	10	0	0	0
    10150	2014-03-18 08:29:06	10	0	0	0
    10032	2014-03-18 08:29:32	10	0	0	0
    10071	2014-03-18 08:29:56	10	0	0	0
    10155	2014-03-18 08:31:11	10	0	0	0
    10149	2014-03-18 08:31:40	10	0	0	0
    10051	2014-03-18 08:33:49	10	0	0	0
    10060	2014-03-18 08:36:55	10	0	0	0
    10019	2014-03-18 08:49:42	10	0	0	0
    10038	2014-03-18 08:51:47	10	0	0	0
    10113	2014-03-18 08:53:16	10	0	0	0
    10033	2014-03-18 08:53:23	10	0	0	0
    10077	2014-03-18 08:55:15	10	0	0	0
    10013	2014-03-18 08:55:53	10	0	0	0
    10044	2014-03-18 08:56:18	10	0	0	0
    10140	2014-03-18 08:59:09	10	0	0	0
    10123	2014-03-18 09:01:39	10	0	0	0
    10049	2014-03-18 09:02:13	10	0	0	0
    10043	2014-03-18 09:04:26	10	0	0	0
    10104	2014-03-18 09:04:35	10	0	0	0
    10104	2014-03-18 09:04:51	10	0	0	0
    10023	2014-03-18 09:07:17	10	0	0	0
    10066	2014-03-18 09:07:22	10	0	0	0
    10081	2014-03-18 09:07:52	10	0	0	0
    10157	2014-03-18 09:08:54	10	0	0	0
    10050	2014-03-18 09:09:03	10	0	0	0
    10083	2014-03-18 09:13:04	10	0	0	0
    10009	2014-03-18 09:14:30	10	0	0	0
    10158	2014-03-18 09:16:17	10	0	0	0
    10095	2014-03-18 09:18:23	10	0	0	0
    10131	2014-03-18 09:23:25	10	0	0	0
    10048	2014-03-18 09:23:30	10	0	0	0
    10136	2014-03-18 09:25:12	10	0	0	0
    10160	2014-03-18 09:25:40	10	0	0	0
    10139	2014-03-18 09:26:03	10	0	0	0
    10078	2014-03-18 09:26:23	10	0	0	0
    10059	2014-03-18 09:34:26	10	0	0	0
    10089	2014-03-18 09:52:57	10	0	0	0
    10110	2014-03-18 09:53:19	10	0	0	0
    10068	2014-03-18 09:53:34	10	0	0	0
    10002	2014-03-18 10:06:52	10	0	0	0
    10065	2014-03-18 10:07:42	10	0	0	0
    10080	2014-03-18 10:10:36	10	0	0	0
    10154	2014-03-18 10:29:33	10	0	0	0
    10082	2014-03-18 10:54:18	10	0	0	0
    10153	2014-03-18 11:01:02	10	0	0	0
    10152	2014-03-18 11:01:07	10	0	0	0
    10116	2014-03-18 13:54:29	10	0	0	0
    10127	2014-03-18 14:35:48	10	0	0	0
    10020	2014-03-18 14:50:44	10	0	0	0
    10062	2014-03-18 14:51:27	10	0	0	0
    10098	2014-03-18 14:55:48	10	0	0	0
    10026	2014-03-18 14:59:35	10	0	0	0
    10048	2014-03-18 15:01:22	10	0	0	0
    10155	2014-03-18 15:19:45	10	0	0	0
    10105	2014-03-18 15:19:48	10	0	0	0
    10159	2014-03-18 15:19:51	10	0	0	0
    10139	2014-03-18 15:20:17	10	0	0	0
    10032	2014-03-18 15:23:06	10	0	0	0
    10017	2014-03-18 15:28:58	10	0	0	0
    10089	2014-03-18 15:29:03	10	0	0	0
    10033	2014-03-18 15:31:46	10	0	0	0
    10114	2014-03-18 16:05:04	10	0	0	0
    10146	2014-03-18 16:05:45	10	0	0	0
    10071	2014-03-18 16:10:29	10	0	0	0
    10012	2014-03-18 16:12:36	10	0	0	0
    10082	2014-03-18 16:29:23	10	0	0	0
    10051	2014-03-18 16:31:42	10	0	0	0
    10110	2014-03-18 16:31:48	10	0	0	0
    10109	2014-03-18 16:37:43	10	0	0	0
    10149	2014-03-18 16:37:47	10	0	0	0
    10043	2014-03-18 16:38:30	10	0	0	0
    10083	2014-03-18 16:38:53	10	0	0	0
    10039	2014-03-18 16:43:30	10	0	0	0
    10009	2014-03-18 16:44:00	10	0	0	0
    10074	2014-03-18 16:44:09	10	0	0	0
    10028	2014-03-18 16:47:14	10	0	0	0
    10052	2014-03-18 16:47:25	10	0	0	0
    10077	2014-03-18 16:52:43	10	0	0	0
    10055	2014-03-18 16:53:49	10	0	0	0
    10106	2014-03-18 16:54:43	10	0	0	0
    10088	2014-03-18 16:54:47	10	0	0	0
    10154	2014-03-18 16:55:27	10	0	0	0
    10060	2014-03-18 17:01:53	10	0	0	0
    10027	2014-03-18 17:02:42	10	0	0	0
    10158	2014-03-18 17:03:52	10	0	0	0
    10019	2014-03-18 17:13:09	10	0	0	0
    10035	2014-03-18 17:27:08	10	0	0	0
    10113	2014-03-18 17:28:39	10	0	0	0
    10002	2014-03-18 17:36:58	10	0	0	0
    10079	2014-03-18 17:39:27	10	0	0	0
    10137	2014-03-18 17:41:45	10	0	0	0
    10152	2014-03-18 17:41:54	10	0	0	0
    10085	2014-03-18 17:53:06	10	0	0	0
    10085	2014-03-18 17:53:09	10	0	0	0
    10080	2014-03-18 17:56:27	10	0	0	0
    10080	2014-03-18 17:56:29	10	0	0	0
    10130	2014-03-18 18:06:38	10	0	0	0
    10081	2014-03-18 18:09:50	10	0	0	0
    10150	2014-03-18 19:14:38	10	0	0	0
    10066	2014-03-18 19:46:48	10	0	0	0
    10113	2014-03-18 19:55:49	10	0	0	0
    10153	2014-03-18 20:37:05	10	0	0	0
    10140	2014-03-18 22:10:43	10	0	0	0
    10070	2014-03-19 07:02:56	10	0	0	0
    10072	2014-03-19 07:14:23	10	0	0	0
    10115	2014-03-19 07:18:47	10	0	0	0
    10018	2014-03-19 07:24:00	10	0	0	0
    10097	2014-03-19 07:28:07	10	0	0	0
    10112	2014-03-19 07:29:57	10	0	0	0
    10022	2014-03-19 07:37:10	10	0	0	0
    10014	2014-03-19 07:38:24	10	0	0	0
    10012	2014-03-19 07:39:28	10	0	0	0
    10046	2014-03-19 07:39:40	10	0	0	0
    10051	2014-03-19 07:40:06	10	0	0	0
    10024	2014-03-19 07:42:23	10	0	0	0
    10056	2014-03-19 07:42:49	10	0	0	0
    10105	2014-03-19 07:44:56	10	0	0	0
    10122	2014-03-19 07:47:20	10	0	0	0
    10130	2014-03-19 07:50:10	10	0	0	0
    10063	2014-03-19 07:50:23	10	0	0	0
    10127	2014-03-19 07:51:26	10	0	0	0
    10062	2014-03-19 07:51:31	10	0	0	0
    10134	2014-03-19 07:55:41	10	0	0	0
    10134	2014-03-19 07:55:43	10	0	0	0
    10133	2014-03-19 07:58:58	10	0	0	0
    10114	2014-03-19 07:59:18	10	0	0	0
    10088	2014-03-19 08:02:49	10	0	0	0
    10113	2014-03-19 08:04:57	10	0	0	0
    10043	2014-03-19 08:12:07	10	0	0	0
    10044	2014-03-19 08:12:49	10	0	0	0
    10068	2014-03-19 08:14:34	10	0	0	0
    10071	2014-03-19 08:14:40	10	0	0	0
    10083	2014-03-19 08:18:02	10	0	0	0
    10137	2014-03-19 08:19:07	10	0	0	0
    10077	2014-03-19 08:22:17	10	0	0	0
    10026	2014-03-19 08:22:33	10	0	0	0
    10028	2014-03-19 08:25:14	10	0	0	0
    10110	2014-03-19 08:25:31	10	0	0	0
    10092	2014-03-19 08:30:18	10	0	0	0
    10029	2014-03-19 08:30:43	10	0	0	0
    10032	2014-03-19 08:31:42	10	0	0	0
    10155	2014-03-19 08:32:31	10	0	0	0
    10055	2014-03-19 08:36:08	10	0	0	0
    10139	2014-03-19 08:37:35	10	0	0	0
    10109	2014-03-19 08:37:47	10	0	0	0
    10079	2014-03-19 08:41:09	10	0	0	0
    10111	2014-03-19 08:42:46	10	0	0	0
    10086	2014-03-19 08:43:24	10	0	0	0
    10157	2014-03-19 08:45:25	10	0	0	0
    10150	2014-03-19 08:48:49	10	0	0	0
    10117	2014-03-19 08:48:54	10	0	0	0
    10023	2014-03-19 08:49:57	10	0	0	0
    10151	2014-03-19 08:50:33	10	0	0	0
    10020	2014-03-19 08:51:02	10	0	0	0
    10098	2014-03-19 08:51:28	10	0	0	0
    10045	2014-03-19 08:51:36	10	0	0	0
    10059	2014-03-19 08:51:41	10	0	0	0
    10152	2014-03-19 08:52:15	10	0	0	0
    10158	2014-03-19 08:56:27	10	0	0	0
    10013	2014-03-19 08:58:25	10	0	0	0
    10052	2014-03-19 09:00:58	10	0	0	0
    10159	2014-03-19 09:05:31	10	0	0	0
    10146	2014-03-19 09:05:46	10	0	0	0
    10102	2014-03-19 09:07:04	10	0	0	0
    10104	2014-03-19 09:07:19	10	0	0	0
    10048	2014-03-19 09:13:42	10	0	0	0
    10069	2014-03-19 09:14:23	10	0	0	0
    10140	2014-03-19 09:16:12	10	0	0	0
    10074	2014-03-19 09:17:07	10	0	0	0
    10131	2014-03-19 09:20:31	10	0	0	0
    10027	2014-03-19 09:20:36	10	0	0	0
    10149	2014-03-19 09:25:52	10	0	0	0
    10009	2014-03-19 09:27:13	10	0	0	0
    10019	2014-03-19 09:27:47	10	0	0	0
    10035	2014-03-19 09:28:19	10	0	0	0
    10035	2014-03-19 09:28:21	10	0	0	0
    10041	2014-03-19 09:31:25	10	0	0	0
    10160	2014-03-19 09:33:46	10	0	0	0
    10066	2014-03-19 09:36:17	10	0	0	0
    10073	2014-03-19 09:37:47	10	0	0	0
    10099	2014-03-19 10:10:39	10	0	0	0
    10078	2014-03-19 10:15:17	10	0	0	0
    10038	2014-03-19 10:17:53	10	0	0	0
