55	2013-06-03 07:50:36	3	0	1	0
75	2013-06-03 07:55:58	3	0	1	0
47	2013-06-03 07:57:30	3	0	1	0
51	2013-06-03 07:57:45	3	0	1	0
58	2013-06-03 08:10:31	3	0	1	0
68	2013-06-03 08:14:32	3	0	1	0
48	2013-06-03 08:14:39	3	0	1	0
17	2013-06-03 08:34:15	3	0	1	0
64	2013-06-03 08:41:09	3	0	1	0
53	2013-06-03 08:45:44	3	0	1	0
54	2013-06-03 09:08:56	3	0	1	0
31	2013-06-03 09:27:31	3	0	1	0
37	2013-06-03 09:31:32	3	0	1	0
3	2013-06-03 10:01:33	3	0	1	0
74	2013-06-03 11:42:04	3	0	1	0
64	2013-06-03 17:03:11	3	0	1	0
75	2013-06-03 17:05:36	3	1	1	0
74	2013-06-03 17:05:44	3	1	1	0
53	2013-06-03 17:10:06	3	1	1	0
17	2013-06-03 17:13:44	3	0	1	0
68	2013-06-03 17:13:54	3	0	1	0
58	2013-06-03 17:14:56	3	1	1	0
54	2013-06-03 17:14:58	3	1	1	0
31	2013-06-03 17:19:13	3	0	1	0
51	2013-06-03 17:19:40	3	0	1	0
46	2013-06-03 17:21:26	3	0	1	0
46	2013-06-03 17:21:31	3	0	1	0
46	2013-06-03 17:21:37	3	0	1	0
37	2013-06-03 17:40:55	3	0	1	0
46	2013-06-03 17:55:06	3	4	1	0
46	2013-06-03 17:55:14	3	5	1	0
47	2013-06-03 18:02:13	3	1	1	0
55	2013-06-04 07:42:05	3	0	1	0
47	2013-06-04 07:42:37	3	0	1	0
51	2013-06-04 07:42:57	3	0	1	0
37	2013-06-04 07:43:07	3	0	1	0
58	2013-06-04 07:55:36	3	0	1	0
75	2013-06-04 08:01:16	3	0	1	0
74	2013-06-04 08:06:36	3	0	1	0
53	2013-06-04 08:08:42	3	0	1	0
68	2013-06-04 08:14:36	3	0	1	0
46	2013-06-04 08:24:09	3	0	1	0
67	2013-06-04 08:24:56	3	0	1	0
17	2013-06-04 08:29:24	3	0	1	0
54	2013-06-04 08:55:12	3	0	1	0
64	2013-06-04 09:11:39	3	0	1	0
3	2013-06-04 09:11:44	3	0	1	0
31	2013-06-04 09:17:21	3	0	1	0
3	2013-06-04 10:05:29	3	0	1	0
4	2013-06-04 10:07:36	3	0	1	0
4	2013-06-04 10:07:46	3	0	1	0
3	2013-06-04 15:55:16	3	0	1	0
64	2013-06-04 17:05:08	3	0	1	0
48	2013-06-04 17:12:38	3	1	1	0
74	2013-06-04 17:15:47	3	1	1	0
75	2013-06-04 17:15:54	3	1	1	0
17	2013-06-04 17:17:12	3	0	1	0
54	2013-06-04 17:19:52	3	0	1	0
68	2013-06-04 17:20:19	3	0	1	0
67	2013-06-04 17:20:37	3	1	1	0
53	2013-06-04 17:22:21	3	1	1	0
37	2013-06-04 17:25:05	3	0	1	0
58	2013-06-04 17:25:21	3	1	1	0
55	2013-06-04 18:17:29	3	0	1	0
51	2013-06-04 18:17:46	3	0	1	0
31	2013-06-04 18:18:54	3	0	1	0
46	2013-06-04 18:19:43	3	0	1	0
47	2013-06-04 18:20:07	3	1	1	0
55	2013-06-05 07:45:42	3	0	1	0
75	2013-06-05 07:57:57	3	0	1	0
47	2013-06-05 07:59:13	3	0	1	0
51	2013-06-05 08:02:55	3	0	1	0
46	2013-06-05 08:07:17	3	0	1	0
74	2013-06-05 08:09:46	3	0	1	0
68	2013-06-05 08:11:02	3	0	1	0
64	2013-06-05 08:12:11	3	0	1	0
53	2013-06-05 08:17:43	3	0	1	0
17	2013-06-05 08:22:56	3	0	1	0
48	2013-06-05 08:26:20	3	0	1	0
58	2013-06-05 08:27:34	3	0	1	0
67	2013-06-05 08:39:47	3	0	1	0
54	2013-06-05 09:04:43	3	0	1	0
31	2013-06-05 09:33:17	3	0	1	0
17	2013-06-05 16:12:27	3	1	1	0
75	2013-06-05 17:04:34	3	1	1	0
74	2013-06-05 17:09:01	3	1	1	0
64	2013-06-05 17:09:46	3	0	1	0
53	2013-06-05 17:18:12	3	1	1	0
54	2013-06-05 17:18:16	3	1	1	0
48	2013-06-05 17:19:06	3	1	1	0
68	2013-06-05 17:19:25	3	0	1	0
47	2013-06-05 17:19:33	3	1	1	0
58	2013-06-05 17:20:56	3	1	1	0
51	2013-06-05 17:21:01	3	1	1	0
46	2013-06-05 17:21:11	3	1	1	0
31	2013-06-05 17:22:15	3	0	1	0
67	2013-06-05 17:22:54	3	0	1	0
55	2013-06-05 17:22:58	3	0	1	0
3	2013-06-06 10:36:29	3	0	1	0
55	2013-06-07 07:49:08	3	0	1	0
51	2013-06-07 07:55:43	3	0	1	0
64	2013-06-07 07:59:55	3	0	1	0
75	2013-06-07 08:01:27	3	0	1	0
53	2013-06-07 08:08:49	3	0	1	0
74	2013-06-07 08:09:07	3	0	1	0
68	2013-06-07 08:13:43	3	0	1	0
58	2013-06-07 08:15:49	3	0	1	0
46	2013-06-07 08:20:47	3	0	1	0
48	2013-06-07 08:30:45	3	0	1	0
47	2013-06-07 08:36:28	3	0	1	0
17	2013-06-07 08:40:06	3	0	1	0
54	2013-06-07 08:46:18	3	0	1	0
3	2013-06-07 09:23:44	3	0	1	0
67	2013-06-07 09:29:30	3	0	1	0
31	2013-06-07 09:57:27	3	0	1	0
48	2013-06-07 17:04:04	3	1	1	0
64	2013-06-07 17:04:41	3	0	1	0
75	2013-06-07 17:08:17	3	1	1	0
74	2013-06-07 17:09:06	3	1	1	0
17	2013-06-07 17:10:54	3	0	1	0
68	2013-06-07 17:11:04	3	0	1	0
54	2013-06-07 17:11:28	3	0	1	0
53	2013-06-07 17:13:22	3	1	1	0
58	2013-06-07 17:15:27	3	1	1	0
67	2013-06-07 17:17:50	3	0	1	0
31	2013-06-07 17:23:18	3	0	1	0
46	2013-06-07 17:23:24	3	0	1	0
55	2013-06-07 17:24:29	3	0	1	0
47	2013-06-07 18:31:21	3	1	1	0
51	2013-06-07 18:31:52	3	0	1	0
55	2013-06-10 07:41:28	3	0	1	0
51	2013-06-10 07:58:53	3	0	1	0
47	2013-06-10 08:04:47	3	0	1	0
75	2013-06-10 08:04:53	3	0	1	0
3	2013-06-10 08:09:31	3	0	1	0
74	2013-06-10 08:09:36	3	0	1	0
68	2013-06-10 08:14:26	3	0	1	0
53	2013-06-10 08:17:45	3	0	1	0
48	2013-06-10 08:20:16	3	0	1	0
58	2013-06-10 08:20:22	3	0	1	0
46	2013-06-10 08:22:16	3	0	1	0
64	2013-06-10 08:23:05	3	0	1	0
17	2013-06-10 08:32:25	3	0	1	0
66	2013-06-10 08:43:08	3	0	1	0
37	2013-06-10 08:58:04	3	0	1	0
54	2013-06-10 09:06:45	3	0	1	0
31	2013-06-10 09:13:59	3	0	1	0
72	2013-06-03 06:30:00	1	0	1	0
43	2013-06-03 06:36:00	1	0	1	0
75	2013-06-03 06:48:00	1	0	1	0
22	2013-06-03 07:02:00	1	0	1	0
94	2013-06-03 07:03:00	1	0	1	0
83	2013-06-03 07:04:00	1	0	1	0
111	2013-06-03 07:05:00	1	0	1	0
71	2013-06-03 07:07:00	1	0	1	0
33	2013-06-03 07:09:00	1	0	1	0
60	2013-06-03 07:12:00	1	0	1	0
17	2013-06-03 07:13:00	1	0	1	0
56	2013-06-03 07:13:00	1	0	1	0
114	2013-06-03 07:14:00	1	0	1	0
3	2013-06-03 07:14:00	1	0	0	0
47	2013-06-03 07:16:00	1	0	1	0
82	2013-06-03 07:16:00	1	0	1	0
112	2013-06-03 07:17:00	1	0	1	0
103	2013-06-03 07:18:00	1	0	1	0
76	2013-06-03 07:18:00	1	0	1	0
96	2013-06-03 07:21:00	1	0	1	0
35	2013-06-03 07:21:00	1	0	1	0
19	2013-06-03 07:22:00	1	0	1	0
107	2013-06-03 07:23:00	1	0	1	0
4	2013-06-03 07:23:00	1	0	1	0
113	2013-06-03 07:25:00	1	0	1	0
86	2013-06-03 07:25:00	1	0	1	0
81	2013-06-03 07:26:00	1	0	1	0
23	2013-06-03 07:28:00	1	0	1	0
48	2013-06-03 07:28:00	1	0	1	0
5	2013-06-03 07:28:00	1	0	1	0
54	2013-06-03 07:29:00	1	0	1	0
61	2013-06-03 07:29:00	1	0	1	0
46	2013-06-03 07:29:00	1	0	1	0
93	2013-06-03 07:30:00	1	0	1	0
29	2013-06-03 07:30:00	1	0	1	0
50	2013-06-03 07:31:00	1	0	1	0
108	2013-06-03 07:34:00	1	0	1	0
58	2013-06-03 07:34:00	1	0	1	0
77	2013-06-03 07:35:00	1	0	0	0
79	2013-06-03 07:36:00	1	0	1	0
104	2013-06-03 07:37:00	1	0	1	0
91	2013-06-03 07:37:00	1	0	1	0
34	2013-06-03 07:37:00	1	0	1	0
98	2013-06-03 07:38:00	1	0	1	0
14	2013-06-03 07:39:00	1	0	1	0
116	2013-06-03 07:41:00	1	0	1	0
117	2013-06-03 07:42:00	1	0	1	0
119	2013-06-03 07:43:00	1	0	1	0
12	2013-06-03 07:46:00	1	0	1	0
110	2013-06-03 07:52:00	1	0	1	0
68	2013-06-03 07:53:00	1	0	1	0
105	2013-06-03 07:59:00	1	0	1	0
102	2013-06-03 07:59:00	1	0	1	0
97	2013-06-03 08:00:00	1	0	1	0
84	2013-06-03 08:00:00	1	0	1	0
106	2013-06-03 08:00:00	1	0	1	0
41	2013-06-03 08:00:00	1	0	1	0
55	2013-06-03 08:01:00	1	0	1	0
52	2013-06-03 08:01:00	1	0	1	0
120	2013-06-03 08:11:00	1	0	1	0
44	2013-06-03 08:14:00	1	0	1	0
49	2013-06-03 08:20:00	1	0	1	0
74	2013-06-03 08:30:00	1	0	1	0
62	2013-06-03 08:35:00	1	0	1	0
73	2013-06-03 08:50:00	1	0	1	0
80	2013-06-03 08:52:00	1	0	1	0
20	2013-06-03 08:54:00	1	0	1	0
69	2013-06-03 09:27:00	1	0	1	0
26	2013-06-03 09:53:00	1	0	1	0
13	2013-06-03 10:04:00	1	0	1	0
118	2013-06-03 10:41:00	1	0	1	0
13	2013-06-03 13:57:00	1	0	1	0
97	2013-06-03 13:58:00	1	0	1	0
107	2013-06-03 14:15:00	1	0	1	0
71	2013-06-03 14:35:00	1	0	1	0
54	2013-06-03 14:35:00	1	0	1	0
20	2013-06-03 14:40:00	1	0	1	0
94	2013-06-03 14:42:00	1	0	1	0
34	2013-06-03 14:46:00	1	0	1	0
96	2013-06-03 14:49:00	1	0	1	0
74	2013-06-03 14:51:00	1	0	1	0
41	2013-06-03 14:52:00	1	0	1	0
35	2013-06-03 15:00:00	1	0	1	0
61	2013-06-03 15:00:00	1	0	1	0
114	2013-06-03 15:00:00	1	0	1	0
86	2013-06-03 15:00:00	1	0	1	0
77	2013-06-03 15:01:00	1	0	0	0
50	2013-06-03 15:01:00	1	0	1	0
113	2013-06-03 15:01:00	1	0	1	0
22	2013-06-03 15:12:00	1	0	1	0
3	2013-06-03 15:12:00	1	0	0	0
33	2013-06-03 15:12:00	1	0	1	0
58	2013-06-03 15:14:00	1	0	1	0
52	2013-06-03 15:14:00	1	0	1	0
82	2013-06-03 15:16:00	1	0	1	0
83	2013-06-03 15:17:00	1	0	1	0
72	2013-06-03 15:27:00	1	0	1	0
112	2013-06-03 15:37:00	1	0	1	0
60	2013-06-03 15:38:00	1	0	1	0
49	2013-06-03 15:47:00	1	0	1	0
118	2013-06-03 15:50:00	1	0	1	0
62	2013-06-03 15:50:00	1	0	1	0
91	2013-06-03 15:55:00	1	0	1	0
103	2013-06-03 15:56:00	1	0	1	0
46	2013-06-03 16:00:00	1	0	1	0
23	2013-06-03 16:06:00	1	0	1	0
102	2013-06-03 16:17:00	1	0	1	0
12	2013-06-03 16:20:00	1	0	1	0
104	2013-06-03 16:22:00	1	0	1	0
44	2013-06-03 16:27:00	1	0	1	0
73	2013-06-03 16:28:00	1	0	1	0
76	2013-06-03 16:29:00	1	0	1	0
93	2013-06-03 16:29:00	1	0	1	0
111	2013-06-03 16:32:00	1	0	1	0
26	2013-06-03 16:51:00	1	0	1	0
19	2013-06-03 16:54:00	1	0	1	0
84	2013-06-03 16:58:00	1	0	1	0
43	2013-06-03 17:06:00	1	0	1	0
110	2013-06-03 17:10:00	1	0	1	0
4	2013-06-03 17:12:00	1	0	1	0
75	2013-06-03 17:13:00	1	0	1	0
108	2013-06-03 17:13:00	1	0	1	0
68	2013-06-03 17:19:00	1	0	1	0
17	2013-06-03 17:31:00	1	0	1	0
29	2013-06-03 17:31:00	1	0	1	0
98	2013-06-03 17:53:00	1	0	1	0
81	2013-06-03 18:05:00	1	0	1	0
56	2013-06-03 18:15:00	1	0	1	0
14	2013-06-03 18:42:00	1	0	1	0
5	2013-06-03 19:47:00	1	0	1	0
105	2013-06-03 19:47:00	1	0	1	0
76	2013-06-04 06:27:00	1	0	1	0
75	2013-06-04 06:55:00	1	0	1	0
43	2013-06-04 07:05:00	1	0	1	0
111	2013-06-04 07:06:00	1	0	1	0
103	2013-06-04 07:14:00	1	0	1	0
22	2013-06-04 07:15:00	1	0	1	0
18	2013-06-04 07:15:00	1	0	1	0
33	2013-06-04 07:15:00	1	0	1	0
86	2013-06-04 07:23:00	1	0	1	0
83	2013-06-04 07:25:00	1	0	1	0
61	2013-06-04 07:28:00	1	0	1	0
79	2013-06-04 07:30:00	1	0	1	0
71	2013-06-04 07:30:00	1	0	1	0
69	2013-06-04 07:30:00	1	0	1	0
47	2013-06-04 07:31:00	1	0	1	0
72	2013-06-04 07:39:00	1	0	1	0
20	2013-06-04 07:41:00	1	0	1	0
91	2013-06-04 07:43:00	1	0	1	0
105	2013-06-04 07:48:00	1	0	1	0
114	2013-06-04 07:51:00	1	0	1	0
21	2013-06-04 07:51:00	1	0	1	0
118	2013-06-04 07:52:00	1	0	1	0
113	2013-06-04 07:52:00	1	0	1	0
62	2013-06-04 07:53:00	1	0	1	0
101	2013-06-04 07:55:00	1	0	1	0
82	2013-06-04 07:56:00	1	0	1	0
107	2013-06-04 07:57:00	1	0	1	0
54	2013-06-04 07:59:00	1	0	1	0
49	2013-06-04 08:00:00	1	0	1	0
98	2013-06-04 08:03:00	1	0	1	0
110	2013-06-04 08:04:00	1	0	1	0
108	2013-06-04 08:08:00	1	0	1	0
19	2013-06-04 08:12:00	1	0	1	0
29	2013-06-04 08:13:00	1	0	1	0
120	2013-06-04 08:14:00	1	0	1	0
94	2013-06-04 08:15:00	1	0	1	0
97	2013-06-04 08:20:00	1	0	1	0
50	2013-06-04 08:22:00	1	0	1	0
56	2013-06-04 08:25:00	1	0	1	0
81	2013-06-04 08:28:00	1	0	1	0
68	2013-06-04 08:29:00	1	0	1	0
104	2013-06-04 08:29:00	1	0	1	0
77	2013-06-04 08:31:00	1	0	0	0
23	2013-06-04 08:34:00	1	0	1	0
60	2013-06-04 08:38:00	1	0	1	0
46	2013-06-04 08:40:00	1	0	1	0
58	2013-06-04 08:42:00	1	0	1	0
17	2013-06-04 08:51:00	1	0	1	0
4	2013-06-04 08:53:00	1	0	1	0
14	2013-06-04 08:55:00	1	0	1	0
116	2013-06-04 08:56:00	1	0	1	0
117	2013-06-04 08:56:00	1	0	1	0
41	2013-06-04 09:02:00	1	0	1	0
74	2013-06-04 09:04:00	1	0	1	0
3	2013-06-04 09:06:00	1	0	0	0
52	2013-06-04 09:19:00	1	0	1	0
55	2013-06-04 09:23:00	1	0	1	0
12	2013-06-04 09:24:00	1	0	1	0
96	2013-06-04 09:36:00	1	0	1	0
48	2013-06-04 09:36:00	1	0	1	0
106	2013-06-04 09:42:00	1	0	1	0
8	2013-06-04 09:51:00	1	0	1	0
44	2013-06-04 10:34:00	1	0	1	0
13	2013-06-04 10:56:00	1	0	1	0
102	2013-06-04 11:32:00	1	0	1	0
96	2013-06-04 13:34:00	1	0	1	0
114	2013-06-04 13:36:00	1	0	1	0
54	2013-06-04 14:37:00	1	0	1	0
71	2013-06-04 14:38:00	1	0	1	0
18	2013-06-04 14:45:00	1	0	1	0
4	2013-06-04 14:58:00	1	0	1	0
101	2013-06-04 14:58:00	1	0	1	0
41	2013-06-04 15:00:00	1	0	1	0
86	2013-06-04 15:00:00	1	0	1	0
77	2013-06-04 15:00:00	1	0	0	0
106	2013-06-04 15:00:00	1	0	1	0
104	2013-06-04 15:01:00	1	0	1	0
113	2013-06-04 15:01:00	1	0	1	0
50	2013-06-04 15:02:00	1	0	1	0
55	2013-06-04 15:02:00	1	0	1	0
74	2013-06-04 15:08:00	1	0	1	0
20	2013-06-04 15:13:00	1	0	1	0
118	2013-06-04 15:16:00	1	0	1	0
82	2013-06-04 15:19:00	1	0	1	0
76	2013-06-04 15:20:00	1	0	1	0
3	2013-06-04 15:30:00	1	0	0	0
58	2013-06-04 15:33:00	1	0	1	0
19	2013-06-04 15:39:00	1	0	1	0
52	2013-06-04 15:44:00	1	0	1	0
60	2013-06-04 15:50:00	1	0	1	0
44	2013-06-04 16:01:00	1	0	1	0
46	2013-06-04 16:06:00	1	0	1	0
97	2013-06-04 16:07:00	1	0	1	0
43	2013-06-04 16:09:00	1	0	1	0
95	2013-06-04 16:14:00	1	0	1	0
103	2013-06-04 16:14:00	1	0	1	0
5	2013-06-04 16:16:00	1	0	1	0
105	2013-06-04 16:23:00	1	0	1	0
75	2013-06-04 16:26:00	1	0	1	0
56	2013-06-04 16:30:00	1	0	1	0
72	2013-06-04 16:34:00	1	0	1	0
13	2013-06-04 16:37:00	1	0	1	0
102	2013-06-04 16:41:00	1	0	1	0
83	2013-06-04 16:43:00	1	0	1	0
68	2013-06-04 16:45:00	1	0	1	0
111	2013-06-04 16:51:00	1	0	1	0
22	2013-06-04 16:52:00	1	0	1	0
49	2013-06-04 16:52:00	1	0	1	0
33	2013-06-04 16:52:00	1	0	1	0
14	2013-06-04 16:52:00	1	0	1	0
108	2013-06-04 17:05:00	1	0	1	0
110	2013-06-04 17:06:00	1	0	1	0
98	2013-06-04 17:06:00	1	0	1	0
12	2013-06-04 17:09:00	1	0	1	0
21	2013-06-04 17:34:00	1	0	1	0
120	2013-06-04 17:38:00	1	0	1	0
81	2013-06-04 17:41:00	1	0	1	0
17	2013-06-04 17:55:00	1	0	1	0
29	2013-06-04 17:55:00	1	0	1	0
98	2013-06-05 05:51:00	1	0	1	0
88	2013-06-05 06:00:00	1	0	1	0
75	2013-06-05 06:55:00	1	0	1	0
79	2013-06-05 07:03:00	1	0	1	0
69	2013-06-05 07:04:00	1	0	1	0
86	2013-06-05 07:09:00	1	0	1	0
48	2013-06-05 07:11:00	1	0	1	0
83	2013-06-05 07:12:00	1	0	1	0
18	2013-06-05 07:13:00	1	0	1	0
43	2013-06-05 07:18:00	1	0	1	0
103	2013-06-05 07:19:00	1	0	1	0
71	2013-06-05 07:24:00	1	0	1	0
14	2013-06-05 07:24:00	1	0	1	0
114	2013-06-05 07:26:00	1	0	1	0
60	2013-06-05 07:27:00	1	0	1	0
105	2013-06-05 07:27:00	1	0	1	0
47	2013-06-05 07:31:00	1	0	1	0
111	2013-06-05 07:33:00	1	0	1	0
54	2013-06-05 07:37:00	1	0	1	0
113	2013-06-05 07:48:00	1	0	1	0
90	2013-06-05 07:59:00	1	0	1	0
19	2013-06-05 08:01:00	1	0	1	0
108	2013-06-05 08:02:00	1	0	1	0
21	2013-06-05 08:03:00	1	0	1	0
82	2013-06-05 08:03:00	1	0	1	0
35	2013-06-05 08:04:00	1	0	1	0
56	2013-06-05 08:10:00	1	0	1	0
101	2013-06-05 08:11:00	1	0	1	0
24	2013-06-05 08:12:00	1	0	1	0
62	2013-06-05 08:12:00	1	0	1	0
50	2013-06-05 08:12:00	1	0	1	0
81	2013-06-05 08:15:00	1	0	1	0
20	2013-06-05 08:18:00	1	0	1	0
29	2013-06-05 08:23:00	1	0	1	0
77	2013-06-05 08:28:00	1	0	0	0
49	2013-06-05 08:29:00	1	0	1	0
72	2013-06-05 08:29:00	1	0	1	0
104	2013-06-05 08:31:00	1	0	1	0
120	2013-06-05 08:33:00	1	0	1	0
34	2013-06-05 08:34:00	1	0	1	0
4	2013-06-05 08:40:00	1	0	1	0
23	2013-06-05 08:43:00	1	0	1	0
22	2013-06-05 08:44:00	1	0	1	0
80	2013-06-05 08:48:00	1	0	1	0
66	2013-06-05 08:51:00	1	0	1	0
109	2013-06-05 08:58:00	1	0	1	0
41	2013-06-05 08:59:00	1	0	1	0
44	2013-06-05 09:01:00	1	0	1	0
8	2013-06-05 09:03:00	1	0	1	0
46	2013-06-05 09:06:00	1	0	1	0
17	2013-06-05 09:23:00	1	0	1	0
97	2013-06-05 09:24:00	1	0	1	0
3	2013-06-05 09:28:00	1	0	0	0
116	2013-06-05 09:28:00	1	0	1	0
117	2013-06-05 09:29:00	1	0	1	0
119	2013-06-05 09:29:00	1	0	1	0
102	2013-06-05 09:32:00	1	0	1	0
58	2013-06-05 09:33:00	1	0	1	0
74	2013-06-05 09:34:00	1	0	1	0
84	2013-06-05 09:34:00	1	0	1	0
106	2013-06-05 09:46:00	1	0	1	0
68	2013-06-05 09:58:00	1	0	1	0
96	2013-06-05 10:03:00	1	0	1	0
55	2013-06-05 10:12:00	1	0	1	0
118	2013-06-05 10:19:00	1	0	1	0
12	2013-06-05 10:32:00	1	0	1	0
73	2013-06-05 10:40:00	1	0	1	0
26	2013-06-05 11:32:00	1	0	1	0
52	2013-06-05 11:50:00	1	0	1	0
94	2013-06-05 12:45:00	1	0	1	0
93	2013-06-05 13:32:00	1	0	1	0
114	2013-06-05 13:48:00	1	0	1	0
74	2013-06-05 14:17:00	1	0	1	0
98	2013-06-05 14:32:00	1	0	1	0
90	2013-06-05 14:34:00	1	0	1	0
71	2013-06-05 14:34:00	1	0	1	0
54	2013-06-05 14:35:00	1	0	1	0
94	2013-06-05 14:35:00	1	0	1	0
62	2013-06-05 14:36:00	1	0	1	0
18	2013-06-05 14:45:00	1	0	1	0
35	2013-06-05 14:45:00	1	0	1	0
34	2013-06-05 14:46:00	1	0	1	0
86	2013-06-05 15:01:00	1	0	1	0
76	2013-06-05 15:01:00	1	0	1	0
108	2013-06-05 15:01:00	1	0	1	0
48	2013-06-05 15:05:00	1	0	1	0
41	2013-06-05 15:09:00	1	0	1	0
103	2013-06-05 15:15:00	1	0	1	0
79	2013-06-05 15:16:00	1	0	1	0
77	2013-06-05 15:32:00	1	0	0	0
118	2013-06-05 15:35:00	1	0	1	0
84	2013-06-05 15:39:00	1	0	1	0
113	2013-06-05 15:47:00	1	0	1	0
20	2013-06-05 15:47:00	1	0	1	0
46	2013-06-05 15:53:00	1	0	1	0
58	2013-06-05 15:53:00	1	0	1	0
8	2013-06-05 15:54:00	1	0	1	0
47	2013-06-05 16:03:00	1	0	1	0
3	2013-06-05 16:03:00	1	0	0	0
109	2013-06-05 16:05:00	1	0	1	0
66	2013-06-05 16:06:00	1	0	1	0
19	2013-06-05 16:07:00	1	0	1	0
96	2013-06-05 16:07:00	1	0	1	0
56	2013-06-05 16:10:00	1	0	1	0
102	2013-06-05 16:11:00	1	0	1	0
13	2013-06-05 16:11:00	1	0	1	0
50	2013-06-05 16:12:00	1	0	1	0
72	2013-06-05 16:12:00	1	0	1	0
60	2013-06-05 16:12:00	1	0	1	0
76	2013-06-05 16:17:00	1	0	1	0
101	2013-06-05 16:19:00	1	0	1	0
4	2013-06-05 16:20:00	1	0	1	0
24	2013-06-05 16:20:00	1	0	1	0
23	2013-06-05 16:20:00	1	0	1	0
22	2013-06-05 16:24:00	1	0	1	0
111	2013-06-05 16:24:00	1	0	1	0
49	2013-06-05 16:24:00	1	0	1	0
83	2013-06-05 16:25:00	1	0	1	0
26	2013-06-05 16:39:00	1	0	1	0
73	2013-06-05 16:39:00	1	0	1	0
104	2013-06-05 16:39:00	1	0	1	0
110	2013-06-05 16:43:00	1	0	1	0
92	2013-06-05 16:46:00	1	0	1	0
44	2013-06-05 16:50:00	1	0	1	0
105	2013-06-05 17:05:00	1	0	1	0
5	2013-06-05 17:16:00	1	0	1	0
21	2013-06-05 17:17:00	1	0	1	0
29	2013-06-05 17:18:00	1	0	1	0
81	2013-06-05 17:25:00	1	0	1	0
43	2013-06-05 17:36:00	1	0	1	0
14	2013-06-05 17:50:00	1	0	1	0
75	2013-06-05 17:58:00	1	0	1	0
17	2013-06-05 18:01:00	1	0	1	0
68	2013-06-05 18:02:00	1	0	1	0
12	2013-06-05 18:04:00	1	0	1	0
88	2013-06-05 21:23:00	1	0	1	0
88	2013-06-07 06:00:00	1	0	1	0
61	2013-06-07 06:54:00	1	0	1	0
43	2013-06-07 07:00:00	1	0	1	0
22	2013-06-07 07:09:00	1	0	1	0
18	2013-06-07 07:09:00	1	0	1	0
48	2013-06-07 07:18:00	1	0	1	0
86	2013-06-07 07:19:00	1	0	1	0
114	2013-06-07 07:21:00	1	0	1	0
54	2013-06-07 07:22:00	1	0	1	0
69	2013-06-07 07:22:00	1	0	1	0
108	2013-06-07 07:22:00	1	0	1	0
111	2013-06-07 07:23:00	1	0	1	0
94	2013-06-07 07:26:00	1	0	1	0
103	2013-06-07 07:27:00	1	0	1	0
110	2013-06-07 07:27:00	1	0	1	0
46	2013-06-07 07:31:00	1	0	1	0
56	2013-06-07 07:31:00	1	0	1	0
71	2013-06-07 07:31:00	1	0	1	0
83	2013-06-07 07:31:00	1	0	1	0
5	2013-06-07 07:32:00	1	0	1	0
96	2013-06-07 07:33:00	1	0	1	0
93	2013-06-07 07:39:00	1	0	1	0
60	2013-06-07 07:39:00	1	0	1	0
49	2013-06-07 07:40:00	1	0	1	0
35	2013-06-07 07:43:00	1	0	1	0
113	2013-06-07 07:44:00	1	0	1	0
68	2013-06-07 07:45:00	1	0	1	0
82	2013-06-07 07:48:00	1	0	1	0
80	2013-06-07 07:48:00	1	0	1	0
97	2013-06-07 07:49:00	1	0	1	0
20	2013-06-07 07:49:00	1	0	1	0
29	2013-06-07 07:50:00	1	0	1	0
58	2013-06-07 07:51:00	1	0	1	0
105	2013-06-07 07:52:00	1	0	1	0
27	2013-06-07 07:54:00	1	0	1	0
19	2013-06-07 07:55:00	1	0	1	0
21	2013-06-07 07:58:00	1	0	1	0
50	2013-06-07 07:59:00	1	0	1	0
44	2013-06-07 07:59:00	1	0	1	0
12	2013-06-07 08:03:00	1	0	1	0
30	2013-06-07 08:04:00	1	0	1	0
72	2013-06-07 08:08:00	1	0	1	0
101	2013-06-07 08:09:00	1	0	1	0
98	2013-06-07 08:12:00	1	0	1	0
41	2013-06-07 08:17:00	1	0	1	0
77	2013-06-07 08:24:00	1	0	0	0
36	2013-06-07 08:29:00	1	0	1	0
75	2013-06-07 08:30:00	1	0	1	0
81	2013-06-07 08:31:00	1	0	1	0
66	2013-06-07 08:35:00	1	0	1	0
17	2013-06-07 08:40:00	1	0	1	0
3	2013-06-07 08:40:00	1	0	0	0
116	2013-06-07 08:41:00	1	0	1	0
117	2013-06-07 08:42:00	1	0	1	0
34	2013-06-07 08:46:00	1	0	1	0
107	2013-06-07 08:46:00	1	0	1	0
13	2013-06-07 08:48:00	1	0	1	0
109	2013-06-07 08:52:00	1	0	1	0
6	2013-06-07 08:54:00	1	0	1	0
62	2013-06-07 08:57:00	1	0	1	0
74	2013-06-07 09:33:00	1	0	1	0
106	2013-06-07 09:37:00	1	0	1	0
23	2013-06-07 09:56:00	1	0	1	0
8	2013-06-07 10:33:00	1	0	1	0
84	2013-06-07 10:39:00	1	0	1	0
52	2013-06-07 11:07:00	1	0	1	0
107	2013-06-07 13:03:00	1	0	1	0
76	2013-06-07 13:18:00	1	0	1	0
54	2013-06-07 14:04:00	1	0	1	0
71	2013-06-07 14:22:00	1	0	1	0
91	2013-06-07 14:23:00	1	0	1	0
6	2013-06-07 14:25:00	1	0	1	0
106	2013-06-07 14:39:00	1	0	1	0
44	2013-06-07 14:42:00	1	0	1	0
84	2013-06-07 14:42:00	1	0	1	0
18	2013-06-07 14:45:00	1	0	1	0
34	2013-06-07 14:47:00	1	0	1	0
23	2013-06-07 15:00:00	1	0	1	0
86	2013-06-07 15:01:00	1	0	1	0
113	2013-06-07 15:07:00	1	0	1	0
50	2013-06-07 15:07:00	1	0	1	0
19	2013-06-07 15:10:00	1	0	1	0
35	2013-06-07 15:10:00	1	0	1	0
36	2013-06-07 15:13:00	1	0	1	0
73	2013-06-07 15:15:00	1	0	1	0
24	2013-06-07 15:17:00	1	0	1	0
41	2013-06-07 15:18:00	1	0	1	0
58	2013-06-07 15:25:00	1	0	1	0
52	2013-06-07 15:26:00	1	0	1	0
97	2013-06-07 15:27:00	1	0	1	0
20	2013-06-07 15:32:00	1	0	1	0
61	2013-06-07 15:40:00	1	0	1	0
102	2013-06-07 15:40:00	1	0	1	0
114	2013-06-07 15:43:00	1	0	1	0
21	2013-06-07 15:54:00	1	0	1	0
46	2013-06-07 15:58:00	1	0	1	0
60	2013-06-07 16:03:00	1	0	1	0
27	2013-06-07 16:07:00	1	0	1	0
30	2013-06-07 16:07:00	1	0	1	0
8	2013-06-07 16:08:00	1	0	1	0
93	2013-06-07 16:15:00	1	0	1	0
108	2013-06-07 16:21:00	1	0	1	0
109	2013-06-07 16:21:00	1	0	1	0
68	2013-06-07 16:22:00	1	0	1	0
110	2013-06-07 16:25:00	1	0	1	0
98	2013-06-07 16:32:00	1	0	1	0
75	2013-06-07 16:35:00	1	0	1	0
103	2013-06-07 16:38:00	1	0	1	0
105	2013-06-07 16:43:00	1	0	1	0
101	2013-06-07 16:43:00	1	0	1	0
43	2013-06-07 16:54:00	1	0	1	0
82	2013-06-07 16:56:00	1	0	1	0
83	2013-06-07 16:56:00	1	0	1	0
118	2013-06-07 16:59:00	1	0	1	0
76	2013-06-07 17:01:00	1	0	1	0
22	2013-06-07 17:01:00	1	0	1	0
4	2013-06-07 17:03:00	1	0	1	0
111	2013-06-07 17:09:00	1	0	1	0
81	2013-06-07 17:23:00	1	0	1	0
29	2013-06-07 17:29:00	1	0	1	0
17	2013-06-07 18:03:00	1	0	1	0
88	2013-06-07 20:48:00	1	0	1	0
88	2013-06-10 06:01:00	1	0	1	0
110	2013-06-10 06:42:00	1	0	1	0
27	2013-06-10 06:57:00	1	0	1	0
48	2013-06-10 06:58:00	1	0	1	0
60	2013-06-10 06:58:00	1	0	1	0
20	2013-06-10 07:03:00	1	0	1	0
82	2013-06-10 07:06:00	1	0	1	0
5	2013-06-10 07:08:00	1	0	1	0
74	2013-06-10 07:09:00	1	0	1	0
83	2013-06-10 07:10:00	1	0	1	0
24	2013-06-10 07:11:00	1	0	1	0
3	2013-06-10 07:11:00	1	0	0	0
13	2013-06-10 07:12:00	1	0	1	0
103	2013-06-10 07:14:00	1	0	1	0
113	2013-06-10 07:15:00	1	0	1	0
111	2013-06-10 07:15:00	1	0	1	0
43	2013-06-10 07:16:00	1	0	1	0
114	2013-06-10 07:17:00	1	0	1	0
61	2013-06-10 07:17:00	1	0	1	0
7	2013-06-10 07:19:00	1	0	1	0
55	2013-06-10 07:19:00	1	0	1	0
98	2013-06-10 07:19:00	1	0	1	0
72	2013-06-10 07:19:00	1	0	1	0
18	2013-06-10 07:19:00	1	0	1	0
33	2013-06-10 07:19:00	1	0	1	0
71	2013-06-10 07:19:00	1	0	1	0
73	2013-06-10 07:20:00	1	0	1	0
101	2013-06-10 07:20:00	1	0	1	0
107	2013-06-10 07:22:00	1	0	1	0
94	2013-06-10 07:23:00	1	0	1	0
96	2013-06-10 07:23:00	1	0	1	0
47	2013-06-10 07:24:00	1	0	1	0
86	2013-06-10 07:24:00	1	0	1	0
44	2013-06-10 07:26:00	1	0	1	0
19	2013-06-10 07:27:00	1	0	1	0
35	2013-06-10 07:28:00	1	0	1	0
8	2013-06-10 07:30:00	1	0	1	0
79	2013-06-10 07:30:00	1	0	1	0
30	2013-06-10 07:31:00	1	0	1	0
12	2013-06-10 07:31:00	1	0	1	0
105	2013-06-10 07:32:00	1	0	1	0
29	2013-06-10 07:32:00	1	0	1	0
6	2013-06-10 07:32:00	1	0	1	0
68	2013-06-10 07:32:00	1	0	1	0
49	2013-06-10 07:33:00	1	0	1	0
91	2013-06-10 07:33:00	1	0	1	0
56	2013-06-10 07:33:00	1	0	1	0
46	2013-06-10 07:33:00	1	0	1	0
22	2013-06-10 07:34:00	1	0	1	0
104	2013-06-10 07:34:00	1	0	1	0
50	2013-06-10 07:37:00	1	0	1	0
81	2013-06-10 07:37:00	1	0	1	0
4	2013-06-10 07:38:00	1	0	1	0
84	2013-06-10 07:39:00	1	0	1	0
17	2013-06-10 07:40:00	1	0	1	0
77	2013-06-10 07:40:00	1	0	0	0
58	2013-06-10 07:42:00	1	0	1	0
34	2013-06-10 07:53:00	1	0	1	0
108	2013-06-10 07:53:00	1	0	1	0
93	2013-06-10 07:53:00	1	0	1	0
41	2013-06-10 07:53:00	1	0	1	0
36	2013-06-10 07:54:00	1	0	1	0
54	2013-06-10 07:55:00	1	0	1	0
80	2013-06-10 07:55:00	1	0	1	0
62	2013-06-10 07:55:00	1	0	1	0
106	2013-06-10 07:55:00	1	0	1	0
21	2013-06-10 07:57:00	1	0	1	0
66	2013-06-10 07:58:00	1	0	1	0
102	2013-06-10 08:00:00	1	0	1	0
51	2013-06-10 08:00:00	1	0	1	0
69	2013-06-10 08:10:00	1	0	1	0
76	2013-06-10 08:17:00	1	0	1	0
75	2013-06-10 08:29:00	1	0	1	0
89	2013-06-10 08:36:00	1	0	1	0
109	2013-06-10 08:39:00	1	0	1	0
120	2013-06-10 08:39:00	1	0	1	0
117	2013-06-10 09:28:00	1	0	1	0
13	2013-06-10 09:48:00	1	0	1	0
101	2013-06-10 13:02:00	1	0	1	0
107	2013-06-10 13:03:00	1	0	1	0
55	2013-06-10 14:22:00	1	0	1	0
106	2013-06-10 14:23:00	1	0	1	0
98	2013-06-10 14:24:00	1	0	1	0
104	2013-06-10 14:27:00	1	0	1	0
71	2013-06-10 14:27:00	1	0	1	0
91	2013-06-10 14:27:00	1	0	1	0
54	2013-06-10 14:27:00	1	0	1	0
41	2013-06-10 14:39:00	1	0	1	0
18	2013-06-10 14:46:00	1	0	1	0
33	2013-06-10 14:46:00	1	0	1	0
22	2013-06-10 14:46:00	1	0	1	0
96	2013-06-10 14:52:00	1	0	1	0
7	2013-06-10 14:53:00	1	0	1	0
116	2013-06-10 14:57:00	1	0	1	0
117	2013-06-10 14:57:00	1	0	1	0
34	2013-06-10 15:00:00	1	0	1	0
47	2013-06-10 15:00:00	1	0	1	0
35	2013-06-10 15:00:00	1	0	1	0
86	2013-06-10 15:00:00	1	0	1	0
58	2013-06-10 15:01:00	1	0	1	0
77	2013-06-10 15:03:00	1	0	0	0
36	2013-06-10 15:04:00	1	0	1	0
27	2013-06-10 15:04:00	1	0	1	0
30	2013-06-10 15:04:00	1	0	1	0
20	2013-06-10 15:06:00	1	0	1	0
113	2013-06-10 15:06:00	1	0	1	0
50	2013-06-10 15:07:00	1	0	1	0
74	2013-06-10 15:07:00	1	0	1	0
44	2013-06-10 15:08:00	1	0	1	0
114	2013-06-10 15:08:00	1	0	1	0
109	2013-06-10 15:18:00	1	0	1	0
76	2013-06-10 15:18:00	1	0	1	0
102	2013-06-10 15:25:00	1	0	1	0
120	2013-06-10 15:27:00	1	0	1	0
52	2013-06-10 15:30:00	1	0	1	0
62	2013-06-10 15:36:00	1	0	1	0
108	2013-06-10 15:36:00	1	0	1	0
73	2013-06-10 15:43:00	1	0	1	0
24	2013-06-10 15:43:00	1	0	1	0
3	2013-06-10 15:43:00	1	0	0	0
56	2013-06-10 15:43:00	1	0	1	0
103	2013-06-10 15:44:00	1	0	1	0
43	2013-06-10 15:44:00	1	0	1	0
72	2013-06-10 15:50:00	1	0	1	0
46	2013-06-10 15:53:00	1	0	1	0
93	2013-06-10 15:59:00	1	0	1	0
4	2013-06-10 16:00:00	1	0	1	0
12	2013-06-10 16:07:00	1	0	1	0
82	2013-06-10 16:29:00	1	0	1	0
83	2013-06-10 16:29:00	1	0	1	0
110	2013-06-10 16:45:00	1	0	1	0
49	2013-06-10 17:02:00	1	0	1	0
61	2013-06-10 17:36:00	1	0	1	0
111	2013-06-10 17:38:00	1	0	1	0
60	2013-06-10 17:53:00	1	0	1	0
21	2013-06-10 18:00:00	1	0	1	0
89	2013-06-10 18:00:00	1	0	1	0
81	2013-06-10 18:01:00	1	0	1	0
29	2013-06-10 18:34:00	1	0	1	0
75	2013-06-10 18:35:00	1	0	1	0
68	2013-06-10 18:35:00	1	0	1	0
6	2013-06-10 18:44:00	1	0	1	0
17	2013-06-10 18:45:00	1	0	1	0
5	2013-06-10 20:11:00	1	0	1	0
105	2013-06-10 20:12:00	1	0	1	0
88	2013-06-10 22:21:00	1	0	1	0
88	2013-06-11 06:29:00	1	0	1	0
72	2013-06-11 06:42:00	1	0	1	0
103	2013-06-11 07:41:00	1	0	1	0
48	2013-06-11 07:42:00	1	0	1	0
18	2013-06-11 07:44:00	1	0	1	0
33	2013-06-11 07:44:00	1	0	1	0
7	2013-06-11 07:48:00	1	0	1	0
61	2013-06-11 07:50:00	1	0	1	0
71	2013-06-11 08:00:00	1	0	1	0
86	2013-06-11 08:01:00	1	0	1	0
79	2013-06-11 07:30:00	1	0	1	0
86	2013-06-11 07:30:00	1	0	1	0
43	2013-06-11 07:30:00	1	0	1	0
61	2013-06-11 07:30:00	1	0	1	0
83	2013-06-11 07:31:00	1	0	1	0
110	2013-06-11 07:33:00	1	0	1	0
94	2013-06-11 07:37:00	1	0	1	0
111	2013-06-11 07:37:00	1	0	1	0
21	2013-06-11 07:38:00	1	0	1	0
29	2013-06-11 07:39:00	1	0	1	0
35	2013-06-11 07:40:00	1	0	1	0
114	2013-06-11 07:42:00	1	0	1	0
105	2013-06-11 07:44:00	1	0	1	0
19	2013-06-11 07:51:00	1	0	1	0
113	2013-06-11 07:51:00	1	0	1	0
108	2013-06-11 07:53:00	1	0	1	0
36	2013-06-11 07:58:00	1	0	1	0
82	2013-06-11 08:00:00	1	0	1	0
101	2013-06-11 08:01:00	1	0	1	0
119	2013-06-11 08:03:00	1	0	1	0
27	2013-06-11 08:04:00	1	0	1	0
47	2013-06-11 08:06:00	1	0	1	0
104	2013-06-11 08:08:00	1	0	1	0
118	2013-06-11 08:12:00	1	0	1	0
84	2013-06-11 08:12:00	1	0	1	0
69	2013-06-11 08:14:00	1	0	1	0
50	2013-06-11 08:15:00	1	0	1	0
81	2013-06-11 08:17:00	1	0	1	0
4	2013-06-11 08:20:00	1	0	1	0
30	2013-06-11 08:22:00	1	0	1	0
107	2013-06-11 08:25:00	1	0	1	0
89	2013-06-11 08:26:00	1	0	1	0
75	2013-06-11 08:27:00	1	0	1	0
5	2013-06-11 08:27:00	1	0	1	0
58	2013-06-11 08:31:00	1	0	1	0
17	2013-06-11 08:34:00	1	0	1	0
77	2013-06-11 08:35:00	1	0	0	0
120	2013-06-11 08:38:00	1	0	1	0
41	2013-06-11 08:39:00	1	0	1	0
74	2013-06-11 08:42:00	1	0	1	0
6	2013-06-11 08:48:00	1	0	1	0
56	2013-06-11 08:48:00	1	0	1	0
24	2013-06-11 08:49:00	1	0	1	0
91	2013-06-11 08:49:00	1	0	1	0
117	2013-06-11 08:49:00	1	0	1	0
116	2013-06-11 08:49:00	1	0	1	0
3	2013-06-11 08:51:00	1	0	0	0
102	2013-06-11 08:51:00	1	0	1	0
62	2013-06-11 08:58:00	1	0	1	0
93	2013-06-11 09:01:00	1	0	1	0
34	2013-06-11 09:09:00	1	0	1	0
44	2013-06-11 09:11:00	1	0	1	0
73	2013-06-11 09:12:00	1	0	1	0
22	2013-06-11 09:15:00	1	0	1	0
92	2013-06-11 09:16:00	1	0	1	0
12	2013-06-11 09:16:00	1	0	1	0
109	2013-06-11 09:17:00	1	0	1	0
76	2013-06-11 09:18:00	1	0	1	0
46	2013-06-11 09:19:00	1	0	1	0
54	2013-06-11 09:20:00	1	0	1	0
20	2013-06-11 09:29:00	1	0	1	0
98	2013-06-11 09:29:00	1	0	1	0
68	2013-06-11 09:34:00	1	0	1	0
96	2013-06-11 09:35:00	1	0	1	0
66	2013-06-11 09:49:00	1	0	1	0
60	2013-06-11 09:58:00	1	0	1	0
55	2013-06-11 10:09:00	1	0	1	0
106	2013-06-11 10:09:00	1	0	1	0
26	2013-06-11 11:37:00	1	0	1	0
106	2013-06-11 13:47:00	1	0	1	0
102	2013-06-11 14:22:00	1	0	1	0
71	2013-06-11 14:30:00	1	0	1	0
94	2013-06-11 14:32:00	1	0	1	0
54	2013-06-11 14:32:00	1	0	1	0
21	2013-06-11 14:35:00	1	0	1	0
7	2013-06-11 14:38:00	1	0	1	0
19	2013-06-11 14:39:00	1	0	1	0
98	2013-06-11 14:40:00	1	0	1	0
18	2013-06-11 14:45:00	1	0	1	0
34	2013-06-11 14:45:00	1	0	1	0
33	2013-06-11 14:45:00	1	0	1	0
93	2013-06-11 14:45:00	1	0	1	0
22	2013-06-11 14:47:00	1	0	1	0
96	2013-06-11 14:48:00	1	0	1	0
41	2013-06-11 14:51:00	1	0	1	0
35	2013-06-11 15:00:00	1	0	1	0
86	2013-06-11 15:00:00	1	0	1	0
36	2013-06-11 15:00:00	1	0	1	0
27	2013-06-11 15:00:00	1	0	1	0
30	2013-06-11 15:00:00	1	0	1	0
108	2013-06-11 15:00:00	1	0	1	0
114	2013-06-11 15:03:00	1	0	1	0
101	2013-06-11 15:05:00	1	0	1	0
104	2013-06-11 15:05:00	1	0	1	0
74	2013-06-11 15:09:00	1	0	1	0
50	2013-06-11 15:09:00	1	0	1	0
77	2013-06-11 15:10:00	1	0	0	0
60	2013-06-11 15:11:00	1	0	1	0
113	2013-06-11 15:12:00	1	0	1	0
24	2013-06-11 15:13:00	1	0	1	0
52	2013-06-11 15:13:00	1	0	1	0
47	2013-06-11 15:14:00	1	0	1	0
58	2013-06-11 15:14:00	1	0	1	0
88	2013-06-11 15:17:00	1	0	1	0
43	2013-06-11 15:19:00	1	0	1	0
4	2013-06-11 15:25:00	1	0	1	0
3	2013-06-11 15:43:00	1	0	0	0
46	2013-06-11 15:49:00	1	0	1	0
103	2013-06-11 16:07:00	1	0	1	0
62	2013-06-11 16:21:00	1	0	1	0
61	2013-06-11 16:28:00	1	0	1	0
82	2013-06-11 16:38:00	1	0	1	0
83	2013-06-11 16:38:00	1	0	1	0
12	2013-06-11 16:42:00	1	0	1	0
89	2013-06-11 16:53:00	1	0	1	0
118	2013-06-11 17:03:00	1	0	1	0
111	2013-06-11 17:04:00	1	0	1	0
110	2013-06-11 17:10:00	1	0	1	0
26	2013-06-11 17:19:00	1	0	1	0
105	2013-06-11 17:48:00	1	0	1	0
5	2013-06-11 17:48:00	1	0	1	0
17	2013-06-11 18:02:00	1	0	1	0
120	2013-06-11 18:03:00	1	0	1	0
119	2013-06-11 18:04:00	1	0	1	0
29	2013-06-11 18:05:00	1	0	1	0
88	2013-06-11 18:07:00	1	0	1	0
116	2013-06-11 18:17:00	1	0	1	0
117	2013-06-11 18:18:00	1	0	1	0
73	2013-06-11 18:19:00	1	0	1	0
76	2013-06-11 18:20:00	1	0	1	0
102	2013-06-11 18:31:00	1	0	1	0
81	2013-06-11 18:37:00	1	0	1	0
75	2013-06-11 18:45:00	1	0	1	0
68	2013-06-11 18:46:00	1	0	1	0
6	2013-06-11 18:48:00	1	0	1	0
44	2013-06-11 18:58:00	1	0	1	0
88	2013-06-12 06:00:00	1	0	1	0
43	2013-06-12 07:04:00	1	0	1	0
103	2013-06-12 07:12:00	1	0	1	0
48	2013-06-12 07:19:00	1	0	1	0
61	2013-06-12 07:26:00	1	0	1	0
7	2013-06-12 07:27:00	1	0	1	0
79	2013-06-12 07:27:00	1	0	1	0
104	2013-06-12 08:21:00	1	0	1	0
77	2013-06-12 08:22:00	1	0	0	0
18	2013-06-12 08:22:00	1	0	1	0
4	2013-06-12 08:22:00	1	0	1	0
105	2013-06-12 08:23:00	1	0	1	0
22	2013-06-12 08:23:00	1	0	1	0
111	2013-06-12 08:23:00	1	0	1	0
86	2013-06-12 08:23:00	1	0	1	0
113	2013-06-12 08:23:00	1	0	1	0
72	2013-06-12 08:24:00	1	0	1	0
35	2013-06-12 08:24:00	1	0	1	0
3	2013-06-12 08:24:00	1	0	0	0
29	2013-06-12 08:24:00	1	0	1	0
54	2013-06-12 08:25:00	1	0	1	0
71	2013-06-12 08:26:00	1	0	1	0
114	2013-06-12 08:26:00	1	0	1	0
20	2013-06-12 08:26:00	1	0	1	0
108	2013-06-12 08:27:00	1	0	1	0
49	2013-06-12 08:27:00	1	0	1	0
58	2013-06-12 08:28:00	1	0	1	0
75	2013-06-12 08:28:00	1	0	1	0
36	2013-06-12 08:29:00	1	0	1	0
47	2013-06-12 08:30:00	1	0	1	0
17	2013-06-12 08:30:00	1	0	1	0
76	2013-06-12 08:30:00	1	0	1	0
81	2013-06-12 08:35:00	1	0	1	0
89	2013-06-12 08:37:00	1	0	1	0
5	2013-06-12 08:39:00	1	0	1	0
33	2013-06-12 08:40:00	1	0	1	0
27	2013-06-12 08:43:00	1	0	1	0
110	2013-06-12 08:45:00	1	0	1	0
30	2013-06-12 08:50:00	1	0	1	0
51	2013-06-12 08:58:00	1	0	1	0
119	2013-06-12 09:00:00	1	0	1	0
46	2013-06-12 09:02:00	1	0	1	0
50	2013-06-12 09:02:00	1	0	1	0
109	2013-06-12 09:02:00	1	0	1	0
69	2013-06-12 09:04:00	1	0	1	0
6	2013-06-12 09:04:00	1	0	1	0
91	2013-06-12 09:05:00	1	0	1	0
74	2013-06-12 09:08:00	1	0	1	0
55	2013-06-12 09:17:00	1	0	1	0
116	2013-06-12 09:17:00	1	0	1	0
117	2013-06-12 09:17:00	1	0	1	0
106	2013-06-12 09:18:00	1	0	1	0
120	2013-06-12 09:23:00	1	0	1	0
68	2013-06-12 09:37:00	1	0	1	0
56	2013-06-12 09:44:00	1	0	1	0
12	2013-06-12 09:49:00	1	0	1	0
24	2013-06-12 10:16:00	1	0	1	0
102	2013-06-12 10:55:00	1	0	1	0
96	2013-06-12 11:41:00	1	0	1	0
26	2013-06-12 11:54:00	1	0	1	0
50	2013-06-12 14:08:00	1	0	1	0
27	2013-06-12 14:40:00	1	0	1	0
36	2013-06-12 14:43:00	1	0	1	0
114	2013-06-12 14:59:00	1	0	1	0
71	2013-06-12 15:01:00	1	0	1	0
54	2013-06-12 15:01:00	1	0	1	0
104	2013-06-12 15:08:00	1	0	1	0
18	2013-06-12 15:15:00	1	0	1	0
96	2013-06-12 15:16:00	1	0	1	0
33	2013-06-12 15:20:00	1	0	1	0
22	2013-06-12 15:20:00	1	0	1	0
86	2013-06-12 15:26:00	1	0	1	0
49	2013-06-12 15:30:00	1	0	1	0
47	2013-06-12 15:01:00	1	0	1	0
106	2013-06-12 15:02:00	1	0	1	0
55	2013-06-12 15:02:00	1	0	1	0
113	2013-06-12 15:03:00	1	0	1	0
19	2013-06-12 15:13:00	1	0	1	0
89	2013-06-12 15:20:00	1	0	1	0
26	2013-06-12 15:24:00	1	0	1	0
72	2013-06-12 15:33:00	1	0	1	0
52	2013-06-12 15:33:00	1	0	1	0
24	2013-06-12 15:39:00	1	0	1	0
7	2013-06-12 15:42:00	1	0	1	0
69	2013-06-12 15:43:00	1	0	1	0
102	2013-06-12 15:44:00	1	0	1	0
48	2013-06-12 15:44:00	1	0	1	0
111	2013-06-12 15:55:00	1	0	1	0
103	2013-06-12 15:59:00	1	0	1	0
4	2013-06-12 16:07:00	1	0	1	0
20	2013-06-12 16:17:00	1	0	1	0
46	2013-06-12 16:18:00	1	0	1	0
56	2013-06-12 16:19:00	1	0	1	0
12	2013-06-12 16:31:00	1	0	1	0
76	2013-06-12 16:42:00	1	0	1	0
91	2013-06-12 16:52:00	1	0	1	0
29	2013-06-12 16:55:00	1	0	1	0
6	2013-06-12 16:57:00	1	0	1	0
43	2013-06-12 17:21:00	1	0	1	0
73	2013-06-12 17:29:00	1	0	1	0
5	2013-06-12 17:40:00	1	0	1	0
81	2013-06-12 17:40:00	1	0	1	0
105	2013-06-12 17:40:00	1	0	1	0
110	2013-06-12 17:40:00	1	0	1	0
108	2013-06-12 17:42:00	1	0	1	0
88	2013-06-12 18:06:00	1	0	1	0
61	2013-06-12 18:06:00	1	0	1	0
17	2013-06-12 18:40:00	1	0	1	0
75	2013-06-12 18:41:00	1	0	1	0
68	2013-06-12 18:41:00	1	0	1	0
48	2013-06-13 07:03:00	1	0	1	0
88	2013-06-13 07:04:00	1	0	1	0
43	2013-06-13 07:08:00	1	0	1	0
7	2013-06-13 07:08:00	1	0	1	0
75	2013-06-13 07:12:00	1	0	1	0
86	2013-06-13 07:18:00	1	0	1	0
18	2013-06-13 07:24:00	1	0	1	0
22	2013-06-13 07:26:00	1	0	1	0
33	2013-06-13 07:26:00	1	0	1	0
79	2013-06-13 07:30:00	1	0	1	0
83	2013-06-13 07:41:00	1	0	1	0
35	2013-06-13 07:41:00	1	0	1	0
113	2013-06-13 07:47:00	1	0	1	0
61	2013-06-13 07:48:00	1	0	1	0
103	2013-06-13 07:50:00	1	0	1	0
71	2013-06-13 07:50:00	1	0	1	0
54	2013-06-13 07:51:00	1	0	1	0
20	2013-06-13 07:52:00	1	0	1	0
21	2013-06-13 07:55:00	1	0	1	0
3	2013-06-13 07:57:00	1	0	0	0
105	2013-06-13 08:01:00	1	0	1	0
111	2013-06-13 08:05:00	1	0	1	0
60	2013-06-13 08:07:00	1	0	1	0
82	2013-06-13 08:09:00	1	0	1	0
4	2013-06-13 08:10:00	1	0	1	0
108	2013-06-13 08:11:00	1	0	1	0
19	2013-06-13 08:15:00	1	0	1	0
5	2013-06-13 08:16:00	1	0	1	0
56	2013-06-13 08:18:00	1	0	1	0
27	2013-06-13 08:20:00	1	0	1	0
98	2013-06-13 08:20:00	1	0	1	0
6	2013-06-13 08:21:00	1	0	1	0
107	2013-06-13 08:21:00	1	0	1	0
91	2013-06-13 08:21:00	1	0	1	0
66	2013-06-13 08:23:00	1	0	1	0
93	2013-06-13 08:24:00	1	0	1	0
34	2013-06-13 08:27:00	1	0	1	0
72	2013-06-13 08:28:00	1	0	1	0
104	2013-06-13 08:30:00	1	0	1	0
29	2013-06-13 08:30:00	1	0	1	0
47	2013-06-13 08:31:00	1	0	1	0
114	2013-06-13 08:32:00	1	0	1	0
81	2013-06-13 08:33:00	1	0	1	0
30	2013-06-13 08:33:00	1	0	1	0
73	2013-06-13 08:38:00	1	0	1	0
49	2013-06-13 08:38:00	1	0	1	0
110	2013-06-13 08:42:00	1	0	1	0
17	2013-06-13 08:46:00	1	0	1	0
50	2013-06-13 08:49:00	1	0	1	0
69	2013-06-13 08:50:00	1	0	1	0
68	2013-06-13 08:55:00	1	0	1	0
70	2013-06-13 08:56:00	1	0	1	0
109	2013-06-13 08:56:00	1	0	1	0
89	2013-06-13 08:58:00	1	0	1	0
46	2013-06-13 09:03:00	1	0	1	0
117	2013-06-13 09:03:00	1	0	1	0
116	2013-06-13 09:03:00	1	0	1	0
120	2013-06-13 09:14:00	1	0	1	0
41	2013-06-13 09:18:00	1	0	1	0
24	2013-06-13 09:29:00	1	0	1	0
36	2013-06-13 09:33:00	1	0	1	0
106	2013-06-13 09:37:00	1	0	1	0
55	2013-06-13 09:37:00	1	0	1	0
76	2013-06-13 09:39:00	1	0	1	0
118	2013-06-13 09:39:00	1	0	1	0
102	2013-06-13 09:45:00	1	0	1	0
44	2013-06-13 09:48:00	1	0	1	0
96	2013-06-13 10:22:00	1	0	1	0
12	2013-06-13 10:40:00	1	0	1	0
52	2013-06-13 12:23:00	1	0	1	0
71	2013-06-13 14:33:00	1	0	1	0
66	2013-06-13 14:35:00	1	0	1	0
18	2013-06-13 14:45:00	1	0	1	0
96	2013-06-13 14:45:00	1	0	1	0
34	2013-06-13 14:47:00	1	0	1	0
7	2013-06-13 14:49:00	1	0	1	0
54	2013-06-13 14:50:00	1	0	1	0
104	2013-06-13 14:56:00	1	0	1	0
107	2013-06-13 14:57:00	1	0	1	0
113	2013-06-13 15:00:00	1	0	1	0
86	2013-06-13 15:00:00	1	0	1	0
35	2013-06-13 15:00:00	1	0	1	0
50	2013-06-13 15:00:00	1	0	1	0
47	2013-06-13 15:00:00	1	0	1	0
114	2013-06-13 15:00:00	1	0	1	0
41	2013-06-13 15:00:00	1	0	1	0
19	2013-06-13 15:00:00	1	0	1	0
27	2013-06-13 15:01:00	1	0	1	0
36	2013-06-13 15:01:00	1	0	1	0
55	2013-06-13 15:01:00	1	0	1	0
98	2013-06-13 15:01:00	1	0	1	0
109	2013-06-13 15:04:00	1	0	1	0
72	2013-06-13 15:07:00	1	0	1	0
93	2013-06-13 15:19:00	1	0	1	0
43	2013-06-13 15:23:00	1	0	1	0
52	2013-06-13 15:23:00	1	0	1	0
3	2013-06-13 15:40:00	1	0	0	0
69	2013-06-13 15:43:00	1	0	1	0
76	2013-06-13 15:54:00	1	0	1	0
73	2013-06-13 16:00:00	1	0	1	0
46	2013-06-13 16:04:00	1	0	1	0
56	2013-06-13 16:08:00	1	0	1	0
60	2013-06-13 16:16:00	1	0	1	0
12	2013-06-13 16:22:00	1	0	1	0
22	2013-06-13 16:24:00	1	0	1	0
33	2013-06-13 16:25:00	1	0	1	0
110	2013-06-13 16:30:00	1	0	1	0
103	2013-06-13 16:36:00	1	0	1	0
111	2013-06-13 16:36:00	1	0	1	0
102	2013-06-13 16:44:00	1	0	1	0
108	2013-06-13 16:47:00	1	0	1	0
89	2013-06-13 16:53:00	1	0	1	0
83	2013-06-13 16:53:00	1	0	1	0
82	2013-06-13 16:56:00	1	0	1	0
4	2013-06-13 16:59:00	1	0	1	0
88	2013-06-13 18:11:00	1	0	1	0
49	2013-06-13 18:20:00	1	0	1	0
91	2013-06-13 18:23:00	1	0	1	0
21	2013-06-13 18:33:00	1	0	1	0
89	2013-06-13 18:34:00	1	0	1	0
81	2013-06-13 18:35:00	1	0	1	0
29	2013-06-13 18:38:00	1	0	1	0
6	2013-06-13 18:40:00	1	0	1	0
68	2013-06-13 18:48:00	1	0	1	0
17	2013-06-13 18:49:00	1	0	1	0
75	2013-06-13 18:49:00	1	0	1	0
61	2013-06-13 18:53:00	1	0	1	0
120	2013-06-13 19:08:00	1	0	1	0
105	2013-06-13 19:54:00	1	0	1	0
5	2013-06-13 19:54:00	1	0	1	0
70	2013-06-14 06:22:00	1	0	1	0
43	2013-06-14 06:47:00	1	0	1	0
88	2013-06-14 06:53:00	1	0	1	0
61	2013-06-14 07:05:00	1	0	1	0
48	2013-06-14 07:07:00	1	0	1	0
20	2013-06-14 07:07:00	1	0	1	0
75	2013-06-14 07:08:00	1	0	1	0
94	2013-06-14 07:12:00	1	0	1	0
18	2013-06-14 07:12:00	1	0	1	0
7	2013-06-14 07:15:00	1	0	1	0
33	2013-06-14 07:15:00	1	0	1	0
46	2013-06-14 07:21:00	1	0	1	0
86	2013-06-14 07:24:00	1	0	1	0
79	2013-06-14 07:25:00	1	0	1	0
96	2013-06-14 07:26:00	1	0	1	0
5	2013-06-14 07:28:00	1	0	1	0
49	2013-06-14 07:31:00	1	0	1	0
35	2013-06-14 07:35:00	1	0	1	0
108	2013-06-14 07:35:00	1	0	1	0
24	2013-06-14 07:37:00	1	0	1	0
69	2013-06-14 07:37:00	1	0	1	0
83	2013-06-14 07:37:00	1	0	1	0
71	2013-06-14 07:39:00	1	0	1	0
27	2013-06-14 07:41:00	1	0	1	0
62	2013-06-14 07:42:00	1	0	1	0
29	2013-06-14 07:45:00	1	0	1	0
56	2013-06-14 07:48:00	1	0	1	0
3	2013-06-14 07:50:00	1	0	0	0
55	2013-06-14 07:50:00	1	0	1	0
4	2013-06-14 07:51:00	1	0	1	0
106	2013-06-14 07:51:00	1	0	1	0
74	2013-06-14 07:53:00	1	0	1	0
72	2013-06-14 07:58:00	1	0	1	0
30	2013-06-14 07:59:00	1	0	1	0
22	2013-06-14 08:01:00	1	0	1	0
118	2013-06-14 08:02:00	1	0	1	0
114	2013-06-14 08:03:00	1	0	1	0
113	2013-06-14 08:04:00	1	0	1	0
93	2013-06-14 08:04:00	1	0	1	0
82	2013-06-14 08:05:00	1	0	1	0
98	2013-06-14 08:05:00	1	0	1	0
60	2013-06-14 08:05:00	1	0	1	0
105	2013-06-14 08:06:00	1	0	1	0
21	2013-06-14 08:06:00	1	0	1	0
17	2013-06-14 08:07:00	1	0	1	0
73	2013-06-14 08:14:00	1	0	1	0
110	2013-06-14 08:14:00	1	0	1	0
58	2013-06-14 08:15:00	1	0	1	0
111	2013-06-14 08:16:00	1	0	1	0
50	2013-06-14 08:16:00	1	0	1	0
34	2013-06-14 08:23:00	1	0	1	0
68	2013-06-14 08:25:00	1	0	1	0
77	2013-06-14 08:28:00	1	0	0	0
81	2013-06-14 08:28:00	1	0	1	0
104	2013-06-14 08:33:00	1	0	1	0
19	2013-06-14 08:37:00	1	0	1	0
12	2013-06-14 08:43:00	1	0	1	0
107	2013-06-14 08:44:00	1	0	1	0
51	2013-06-14 08:47:00	1	0	1	0
119	2013-06-14 08:51:00	1	0	1	0
66	2013-06-14 08:52:00	1	0	1	0
6	2013-06-14 08:52:00	1	0	1	0
91	2013-06-14 08:54:00	1	0	1	0
54	2013-06-14 08:56:00	1	0	1	0
36	2013-06-14 08:56:00	1	0	1	0
103	2013-06-14 08:58:00	1	0	1	0
102	2013-06-14 09:01:00	1	0	1	0
120	2013-06-14 09:10:00	1	0	1	0
41	2013-06-14 09:15:00	1	0	1	0
116	2013-06-14 09:33:00	1	0	1	0
117	2013-06-14 09:33:00	1	0	1	0
109	2013-06-14 09:39:00	1	0	1	0
80	2013-06-14 09:42:00	1	0	1	0
52	2013-06-14 10:53:00	1	0	1	0
80	2013-06-14 12:53:00	1	0	1	0
96	2013-06-14 13:06:00	1	0	1	0
41	2013-06-14 13:26:00	1	0	1	0
69	2013-06-14 14:00:00	1	0	1	0
104	2013-06-14 14:25:00	1	0	1	0
54	2013-06-14 14:26:00	1	0	1	0
71	2013-06-14 14:27:00	1	0	1	0
114	2013-06-14 14:27:00	1	0	1	0
94	2013-06-14 14:28:00	1	0	1	0
18	2013-06-14 14:45:00	1	0	1	0
34	2013-06-14 14:46:00	1	0	1	0
74	2013-06-14 14:51:00	1	0	1	0
50	2013-06-14 15:00:00	1	0	1	0
77	2013-06-14 15:00:00	1	0	0	0
7	2013-06-14 15:00:00	1	0	1	0
35	2013-06-14 15:05:00	1	0	1	0
48	2013-06-14 15:06:00	1	0	1	0
20	2013-06-14 15:06:00	1	0	1	0
24	2013-06-14 15:06:00	1	0	1	0
76	2013-06-14 15:14:00	1	0	1	0
113	2013-06-14 15:19:00	1	0	1	0
118	2013-06-14 15:25:00	1	0	1	0
60	2013-06-14 15:35:00	1	0	1	0
3	2013-06-14 15:39:00	1	0	0	0
56	2013-06-14 15:41:00	1	0	1	0
58	2013-06-14 15:44:00	1	0	1	0
55	2013-06-14 15:44:00	1	0	1	0
106	2013-06-14 15:45:00	1	0	1	0
105	2013-06-14 15:49:00	1	0	1	0
103	2013-06-14 15:58:00	1	0	1	0
72	2013-06-14 16:01:00	1	0	1	0
46	2013-06-14 16:03:00	1	0	1	0
52	2013-06-14 16:03:00	1	0	1	0
36	2013-06-14 16:09:00	1	0	1	0
27	2013-06-14 16:09:00	1	0	1	0
86	2013-06-14 16:09:00	1	0	1	0
93	2013-06-14 16:10:00	1	0	1	0
12	2013-06-14 16:13:00	1	0	1	0
4	2013-06-14 16:19:00	1	0	1	0
111	2013-06-14 16:19:00	1	0	1	0
109	2013-06-14 16:19:00	1	0	1	0
73	2013-06-14 16:22:00	1	0	1	0
102	2013-06-14 16:32:00	1	0	1	0
22	2013-06-14 16:54:00	1	0	1	0
33	2013-06-14 16:54:00	1	0	1	0
76	2013-06-14 16:55:00	1	0	1	0
110	2013-06-14 17:09:00	1	0	1	0
83	2013-06-14 17:11:00	1	0	1	0
82	2013-06-14 17:12:00	1	0	1	0
61	2013-06-14 17:15:00	1	0	1	0
98	2013-06-14 17:35:00	1	0	1	0
108	2013-06-14 17:55:00	1	0	1	0
21	2013-06-14 17:55:00	1	0	1	0
89	2013-06-14 17:55:00	1	0	1	0
81	2013-06-14 17:55:00	1	0	1	0
49	2013-06-14 18:01:00	1	0	1	0
6	2013-06-14 18:10:00	1	0	1	0
75	2013-06-14 18:23:00	1	0	1	0
68	2013-06-14 18:24:00	1	0	1	0
17	2013-06-14 18:24:00	1	0	1	0
29	2013-06-14 18:24:00	1	0	1	0
88	2013-06-14 18:38:00	1	0	1	0
88	2013-06-17 06:00:00	1	0	1	0
18	2013-06-17 06:53:00	1	0	1	0
22	2013-06-17 06:53:00	1	0	1	0
12	2013-06-17 06:53:00	1	0	1	0
7	2013-06-17 06:54:00	1	0	1	0
76	2013-06-17 06:56:00	1	0	1	0
43	2013-06-17 06:57:00	1	0	1	0
54	2013-06-17 06:58:00	1	0	1	0
71	2013-06-17 06:58:00	1	0	1	0
13	2013-06-17 06:59:00	1	0	1	0
33	2013-06-17 06:59:00	1	0	1	0
80	2013-06-17 07:01:00	1	0	1	0
107	2013-06-17 07:02:00	1	0	1	0
101	2013-06-17 07:06:00	1	0	1	0
110	2013-06-17 07:06:00	1	0	1	0
89	2013-06-17 07:06:00	1	0	1	0
66	2013-06-17 07:07:00	1	0	1	0
111	2013-06-17 07:08:00	1	0	1	0
97	2013-06-17 07:08:00	1	0	1	0
56	2013-06-17 07:09:00	1	0	1	0
61	2013-06-17 07:09:00	1	0	1	0
96	2013-06-17 07:10:00	1	0	1	0
103	2013-06-17 07:10:00	1	0	1	0
34	2013-06-17 07:10:00	1	0	1	0
83	2013-06-17 07:11:00	1	0	1	0
35	2013-06-17 07:12:00	1	0	1	0
29	2013-06-17 07:12:00	1	0	1	0
69	2013-06-17 07:13:00	1	0	1	0
27	2013-06-17 07:14:00	1	0	1	0
82	2013-06-17 07:14:00	1	0	1	0
4	2013-06-17 07:15:00	1	0	1	0
60	2013-06-17 07:15:00	1	0	1	0
84	2013-06-17 07:16:00	1	0	1	0
6	2013-06-17 07:16:00	1	0	1	0
91	2013-06-17 07:16:00	1	0	1	0
14	2013-06-17 07:16:00	1	0	1	0
114	2013-06-17 07:16:00	1	0	1	0
94	2013-06-17 07:17:00	1	0	1	0
47	2013-06-17 07:17:00	1	0	1	0
3	2013-06-17 07:18:00	1	0	0	0
86	2013-06-17 07:19:00	1	0	1	0
113	2013-06-17 07:19:00	1	0	1	0
20	2013-06-17 07:19:00	1	0	1	0
55	2013-06-17 07:20:00	1	0	1	0
106	2013-06-17 07:20:00	1	0	1	0
19	2013-06-17 07:22:00	1	0	1	0
81	2013-06-17 07:23:00	1	0	1	0
48	2013-06-17 07:24:00	1	0	1	0
98	2013-06-17 07:26:00	1	0	1	0
104	2013-06-17 07:26:00	1	0	1	0
77	2013-06-17 07:27:00	1	0	0	0
102	2013-06-17 07:27:00	1	0	1	0
41	2013-06-17 07:27:00	1	0	1	0
50	2013-06-17 07:28:00	1	0	1	0
46	2013-06-17 07:29:00	1	0	1	0
23	2013-06-17 07:29:00	1	0	1	0
79	2013-06-17 07:31:00	1	0	1	0
108	2013-06-17 07:38:00	1	0	1	0
17	2013-06-17 07:39:00	1	0	1	0
72	2013-06-17 07:43:00	1	0	1	0
109	2013-06-17 07:44:00	1	0	1	0
105	2013-06-17 07:44:00	1	0	1	0
36	2013-06-17 07:45:00	1	0	1	0
62	2013-06-17 07:45:00	1	0	1	0
73	2013-06-17 07:51:00	1	0	1	0
21	2013-06-17 07:53:00	1	0	1	0
24	2013-06-17 07:54:00	1	0	1	0
49	2013-06-17 07:55:00	1	0	1	0
30	2013-06-17 08:04:00	1	0	1	0
58	2013-06-17 08:10:00	1	0	1	0
119	2013-06-17 08:11:00	1	0	1	0
51	2013-06-17 08:11:00	1	0	1	0
74	2013-06-17 08:29:00	1	0	1	0
120	2013-06-17 08:45:00	1	0	1	0
26	2013-06-17 08:57:00	1	0	1	0
92	2013-06-17 09:00:00	1	0	1	0
75	2013-06-17 09:00:00	1	0	1	0
116	2013-06-17 09:51:00	1	0	1	0
68	2013-06-17 10:33:00	1	0	1	0
106	2013-06-17 11:27:00	1	0	1	0
118	2013-06-17 12:03:00	1	0	1	0
41	2013-06-17 13:06:00	1	0	1	0
50	2013-06-17 14:01:00	1	0	1	0
98	2013-06-17 15:06:00	1	0	1	0
71	2013-06-17 15:07:00	1	0	1	0
94	2013-06-17 15:09:00	1	0	1	0
107	2013-06-17 15:16:00	1	0	1	0
18	2013-06-17 15:17:00	1	0	1	0
34	2013-06-17 15:17:00	1	0	1	0
22	2013-06-17 15:19:00	1	0	1	0
33	2013-06-17 15:19:00	1	0	1	0
7	2013-06-17 15:23:00	1	0	1	0
35	2013-06-17 15:26:00	1	0	1	0
79	2013-06-17 15:30:00	1	0	1	0
114	2013-06-17 15:00:00	1	0	1	0
20	2013-06-17 15:04:00	1	0	1	0
97	2013-06-17 15:05:00	1	0	1	0
43	2013-06-17 15:06:00	1	0	1	0
56	2013-06-17 15:08:00	1	0	1	0
47	2013-06-17 15:10:00	1	0	1	0
30	2013-06-17 15:13:00	1	0	1	0
113	2013-06-17 15:16:00	1	0	1	0
105	2013-06-17 15:16:00	1	0	1	0
27	2013-06-17 15:17:00	1	0	1	0
36	2013-06-17 15:17:00	1	0	1	0
52	2013-06-17 15:18:00	1	0	1	0
73	2013-06-17 15:29:00	1	0	1	0
102	2013-06-17 15:30:00	1	0	1	0
13	2013-06-17 15:31:00	1	0	1	0
14	2013-06-17 15:34:00	1	0	1	0
96	2013-06-17 15:35:00	1	0	1	0
86	2013-06-17 15:35:00	1	0	1	0
54	2013-06-17 15:35:00	1	0	1	0
74	2013-06-17 15:36:00	1	0	1	0
110	2013-06-17 15:38:00	1	0	1	0
103	2013-06-17 15:39:00	1	0	1	0
109	2013-06-17 15:40:00	1	0	1	0
118	2013-06-17 15:41:00	1	0	1	0
120	2013-06-17 15:43:00	1	0	1	0
24	2013-06-17 15:44:00	1	0	1	0
61	2013-06-17 15:46:00	1	0	1	0
58	2013-06-17 15:51:00	1	0	1	0
72	2013-06-17 15:52:00	1	0	1	0
3	2013-06-17 15:53:00	1	0	0	0
104	2013-06-17 15:55:00	1	0	1	0
101	2013-06-17 15:57:00	1	0	1	0
111	2013-06-17 15:58:00	1	0	1	0
60	2013-06-17 16:00:00	1	0	1	0
19	2013-06-17 16:04:00	1	0	1	0
4	2013-06-17 16:06:00	1	0	1	0
116	2013-06-17 16:21:00	1	0	1	0
117	2013-06-17 16:21:00	1	0	1	0
76	2013-06-17 16:28:00	1	0	1	0
51	2013-06-17 16:45:00	1	0	1	0
83	2013-06-17 17:09:00	1	0	1	0
49	2013-06-17 17:31:00	1	0	1	0
91	2013-06-17 17:34:00	1	0	1	0
29	2013-06-17 17:35:00	1	0	1	0
17	2013-06-17 17:35:00	1	0	1	0
6	2013-06-17 17:36:00	1	0	1	0
12	2013-06-17 17:39:00	1	0	1	0
62	2013-06-17 17:45:00	1	0	1	0
75	2013-06-17 18:05:00	1	0	1	0
68	2013-06-17 18:05:00	1	0	1	0
108	2013-06-17 18:15:00	1	0	1	0
82	2013-06-17 18:15:00	1	0	1	0
89	2013-06-17 18:15:00	1	0	1	0
81	2013-06-17 18:16:00	1	0	1	0
21	2013-06-17 18:16:00	1	0	1	0
73	2013-06-17 18:28:00	1	0	1	0
88	2013-06-17 21:33:00	1	0	1	0
88	2013-06-18 06:01:00	1	0	1	0
77	2013-06-18 06:42:00	1	0	0	0
43	2013-06-18 06:56:00	1	0	1	0
22	2013-06-18 07:06:00	1	0	1	0
7	2013-06-18 07:10:00	1	0	1	0
33	2013-06-18 07:11:00	1	0	1	0
105	2013-06-18 07:12:00	1	0	1	0
79	2013-06-18 07:12:00	1	0	1	0
103	2013-06-18 07:17:00	1	0	1	0
61	2013-06-18 07:20:00	1	0	1	0
76	2013-06-18 07:29:00	1	0	1	0
35	2013-06-18 07:32:00	1	0	1	0
71	2013-06-18 07:37:00	1	0	1	0
101	2013-06-18 07:40:00	1	0	1	0
94	2013-06-18 07:40:00	1	0	1	0
47	2013-06-18 07:43:00	1	0	1	0
41	2013-06-18 07:44:00	1	0	1	0
83	2013-06-18 07:49:00	1	0	1	0
19	2013-06-18 07:52:00	1	0	1	0
69	2013-06-18 07:54:00	1	0	1	0
54	2013-06-18 07:55:00	1	0	1	0
113	2013-06-18 07:57:00	1	0	1	0
114	2013-06-18 08:07:00	1	0	1	0
104	2013-06-18 08:11:00	1	0	1	0
110	2013-06-18 08:12:00	1	0	1	0
20	2013-06-18 08:13:00	1	0	1	0
29	2013-06-18 08:13:00	1	0	1	0
58	2013-06-18 08:17:00	1	0	1	0
102	2013-06-18 08:18:00	1	0	1	0
4	2013-06-18 08:20:00	1	0	1	0
49	2013-06-18 08:27:00	1	0	1	0
27	2013-06-18 08:27:00	1	0	1	0
81	2013-06-18 08:31:00	1	0	1	0
117	2013-06-18 08:32:00	1	0	1	0
55	2013-06-18 08:34:00	1	0	1	0
111	2013-06-18 08:38:00	1	0	1	0
3	2013-06-18 08:39:00	1	0	0	0
120	2013-06-18 08:42:00	1	0	1	0
93	2013-06-18 08:44:00	1	0	1	0
97	2013-06-18 08:46:00	1	0	1	0
75	2013-06-18 08:48:00	1	0	1	0
107	2013-06-18 08:50:00	1	0	1	0
34	2013-06-18 08:50:00	1	0	1	0
6	2013-06-18 08:52:00	1	0	1	0
91	2013-06-18 08:52:00	1	0	1	0
8	2013-06-18 08:58:00	1	0	1	0
17	2013-06-18 08:59:00	1	0	1	0
89	2013-06-18 09:02:00	1	0	1	0
72	2013-06-18 09:04:00	1	0	1	0
106	2013-06-18 09:05:00	1	0	1	0
109	2013-06-18 09:11:00	1	0	1	0
14	2013-06-18 09:13:00	1	0	1	0
24	2013-06-18 09:14:00	1	0	1	0
51	2013-06-18 09:16:00	1	0	1	0
13	2013-06-18 09:17:00	1	0	1	0
46	2013-06-18 09:23:00	1	0	1	0
98	2013-06-18 09:40:00	1	0	1	0
66	2013-06-18 09:41:00	1	0	1	0
73	2013-06-18 09:52:00	1	0	1	0
48	2013-06-18 10:01:00	1	0	1	0
60	2013-06-18 10:19:00	1	0	1	0
36	2013-06-18 10:32:00	1	0	1	0
56	2013-06-18 11:11:00	1	0	1	0
106	2013-06-18 12:40:00	1	0	1	0
28	2013-06-18 14:30:00	1	0	1	0
94	2013-06-18 14:31:00	1	0	1	0
71	2013-06-18 14:32:00	1	0	1	0
41	2013-06-18 14:34:00	1	0	1	0
54	2013-06-18 14:35:00	1	0	1	0
7	2013-06-18 14:43:00	1	0	1	0
107	2013-06-18 14:44:00	1	0	1	0
34	2013-06-18 14:45:00	1	0	1	0
19	2013-06-18 14:58:00	1	0	1	0
20	2013-06-18 15:02:00	1	0	1	0
114	2013-06-18 15:04:00	1	0	1	0
47	2013-06-18 15:06:00	1	0	1	0
120	2013-06-18 15:06:00	1	0	1	0
97	2013-06-18 15:10:00	1	0	1	0
35	2013-06-18 15:10:00	1	0	1	0
113	2013-06-18 15:11:00	1	0	1	0
105	2013-06-18 15:11:00	1	0	1	0
46	2013-06-18 15:11:00	1	0	1	0
43	2013-06-18 15:13:00	1	0	1	0
58	2013-06-18 15:18:00	1	0	1	0
24	2013-06-18 15:26:00	1	0	1	0
51	2013-06-18 15:30:00	1	0	1	0
103	2013-06-18 15:37:00	1	0	1	0
17	2013-06-18 15:45:00	1	0	1	0
29	2013-06-18 15:46:00	1	0	1	0
60	2013-06-18 15:47:00	1	0	1	0
79	2013-06-18 15:51:00	1	0	1	0
36	2013-06-18 15:56:00	1	0	1	0
102	2013-06-18 15:57:00	1	0	1	0
27	2013-06-18 15:57:00	1	0	1	0
4	2013-06-18 15:57:00	1	0	1	0
73	2013-06-18 15:57:00	1	0	1	0
56	2013-06-18 15:58:00	1	0	1	0
13	2013-06-18 15:58:00	1	0	1	0
72	2013-06-18 15:58:00	1	0	1	0
75	2013-06-18 16:02:00	1	0	1	0
118	2013-06-18 16:03:00	1	0	1	0
23	2013-06-18 16:05:00	1	0	1	0
101	2013-06-18 16:05:00	1	0	1	0
22	2013-06-18 16:21:00	1	0	1	0
3	2013-06-18 16:21:00	1	0	0	0
33	2013-06-18 16:22:00	1	0	1	0
111	2013-06-18 16:22:00	1	0	1	0
104	2013-06-18 16:22:00	1	0	1	0
109	2013-06-18 16:24:00	1	0	1	0
6	2013-06-18 16:25:00	1	0	1	0
14	2013-06-18 16:27:00	1	0	1	0
117	2013-06-18 16:36:00	1	0	1	0
49	2013-06-18 16:36:00	1	0	1	0
76	2013-06-18 16:41:00	1	0	1	0
88	2013-06-18 16:44:00	1	0	1	0
23	2013-06-18 12:58:00	1	0	1	0
110	2013-06-18 17:03:00	1	0	1	0
83	2013-06-18 17:55:00	1	0	1	0
88	2013-06-18 18:07:00	1	0	1	0
21	2013-06-18 18:11:00	1	0	1	0
89	2013-06-18 18:12:00	1	0	1	0
81	2013-06-18 18:15:00	1	0	1	0
73	2013-06-19 06:35:00	1	0	1	0
102	2013-06-19 06:35:00	1	0	1	0
43	2013-06-19 07:00:00	1	0	1	0
88	2013-06-19 07:01:00	1	0	1	0
7	2013-06-19 07:02:00	1	0	1	0
22	2013-06-19 07:08:00	1	0	1	0
71	2013-06-19 07:08:00	1	0	1	0
76	2013-06-19 07:13:00	1	0	1	0
103	2013-06-19 07:17:00	1	0	1	0
110	2013-06-19 07:18:00	1	0	1	0
14	2013-06-19 07:28:00	1	0	1	0
61	2013-06-19 07:29:00	1	0	1	0
69	2013-06-19 07:31:00	1	0	1	0
118	2013-06-19 07:39:00	1	0	1	0
21	2013-06-19 07:42:00	1	0	1	0
35	2013-06-19 07:42:00	1	0	1	0
83	2013-06-19 07:42:00	1	0	1	0
79	2013-06-19 07:45:00	1	0	1	0
114	2013-06-19 07:46:00	1	0	1	0
113	2013-06-19 07:54:00	1	0	1	0
33	2013-06-19 08:04:00	1	0	1	0
27	2013-06-19 08:05:00	1	0	1	0
3	2013-06-19 08:08:00	1	0	0	0
54	2013-06-19 08:12:00	1	0	1	0
72	2013-06-19 08:12:00	1	0	1	0
101	2013-06-19 08:13:00	1	0	1	0
47	2013-06-19 08:14:00	1	0	1	0
105	2013-06-19 08:14:00	1	0	1	0
48	2013-06-19 08:15:00	1	0	1	0
111	2013-06-19 08:18:00	1	0	1	0
58	2013-06-19 08:19:00	1	0	1	0
20	2013-06-19 08:20:00	1	0	1	0
55	2013-06-19 08:26:00	1	0	1	0
81	2013-06-19 08:26:00	1	0	1	0
106	2013-06-19 08:26:00	1	0	1	0
29	2013-06-19 08:29:00	1	0	1	0
104	2013-06-19 08:32:00	1	0	1	0
89	2013-06-19 08:35:00	1	0	1	0
109	2013-06-19 08:36:00	1	0	1	0
41	2013-06-19 08:39:00	1	0	1	0
4	2013-06-19 08:40:00	1	0	1	0
97	2013-06-19 08:43:00	1	0	1	0
19	2013-06-19 08:50:00	1	0	1	0
56	2013-06-19 08:53:00	1	0	1	0
50	2013-06-19 09:00:00	1	0	1	0
17	2013-06-19 09:01:00	1	0	1	0
24	2013-06-19 09:01:00	1	0	1	0
77	2013-06-19 09:12:00	1	0	0	0
36	2013-06-19 09:24:00	1	0	1	0
66	2013-06-19 09:24:00	1	0	1	0
44	2013-06-19 09:25:00	1	0	1	0
120	2013-06-19 09:25:00	1	0	1	0
117	2013-06-19 09:27:00	1	0	1	0
116	2013-06-19 09:27:00	1	0	1	0
119	2013-06-19 09:27:00	1	0	1	0
6	2013-06-19 09:29:00	1	0	1	0
91	2013-06-19 09:30:00	1	0	1	0
51	2013-06-19 09:30:00	1	0	1	0
34	2013-06-19 09:31:00	1	0	1	0
13	2013-06-19 10:07:00	1	0	1	0
23	2013-06-19 10:08:00	1	0	1	0
84	2013-06-19 10:33:00	1	0	1	0
75	2013-06-19 11:36:00	1	0	1	0
60	2013-06-19 12:41:00	1	0	1	0

