163	2013-05-08 13:19:00	22	0	1	0
140	2013-05-08 13:45:00	22	0	1	0
152	2013-05-08 13:53:00	22	0	1	0
117	2013-05-08 14:07:00	22	0	1	0
169	2013-05-08 14:10:00	22	0	1	0
87	2013-05-08 14:10:00	22	0	1	0
48	2013-05-08 14:12:00	22	0	1	0
97	2013-05-08 14:16:00	22	0	1	0
122	2013-05-08 14:17:00	22	0	1	0
107	2013-05-08 14:21:00	22	0	1	0
57	2013-05-08 14:22:00	22	0	1	0
54	2013-05-08 14:34:00	22	0	1	0
55	2013-05-08 14:35:00	22	0	1	0
81	2013-05-08 14:35:00	22	0	1	0
132	2013-05-08 14:38:00	22	0	1	0
125	2013-05-08 14:38:00	22	0	1	0
156	2013-05-08 14:38:00	22	0	1	0
78	2013-05-08 14:39:00	22	0	1	0
158	2013-05-08 14:43:00	22	0	1	0
159	2013-05-08 14:44:00	22	0	1	0
164	2013-05-08 14:45:00	22	0	1	0
167	2013-05-08 14:47:00	22	0	1	0
13	2013-05-08 14:47:00	22	0	1	0
90	2013-05-08 14:49:00	22	0	1	0
50	2013-05-08 14:49:00	22	0	1	0
157	2013-05-08 14:51:00	22	0	1	0
124	2013-05-08 15:25:00	22	0	1	0
99	2013-05-08 15:26:00	22	0	1	0
165	2013-05-08 15:28:00	22	0	1	0
95	2013-05-08 15:56:00	22	0	1	0
60	2013-05-08 16:00:00	22	0	1	0
118	2013-05-08 16:09:00	22	0	1	0
155	2013-05-08 16:13:00	22	0	1	0
120	2013-05-08 16:22:00	22	0	1	0
153	2013-05-08 17:05:00	22	0	1	0
141	2013-05-08 17:05:00	22	0	1	0
144	2013-05-08 17:07:00	22	0	1	0
83	2013-05-08 17:07:00	22	0	1	0
103	2013-05-08 17:23:00	22	0	1	0
104	2013-05-08 17:23:00	22	0	1	0
1	2013-05-08 17:38:00	22	0	1	0
74	2013-05-08 17:47:00	22	0	1	0
39	2013-05-08 17:54:00	22	0	1	0
101	2013-05-08 17:54:00	22	0	1	0
112	2013-05-08 17:55:00	22	0	1	0
137	2013-05-08 19:37:00	22	0	1	0
135	2013-05-08 19:37:00	22	0	1	0
137	2013-05-10 10:49:00	22	0	1	0
120	2013-05-13 06:21:00	22	0	1	0
78	2013-05-13 06:28:00	22	0	1	0
152	2013-05-13 06:45:00	22	0	1	0
156	2013-05-13 06:46:00	22	0	1	0
122	2013-05-13 07:37:00	22	0	1	0
157	2013-05-13 08:08:00	22	0	1	0
139	2013-05-13 08:08:00	22	0	1	0
143	2013-05-13 08:14:00	22	0	1	0
53	2013-05-13 08:14:00	22	0	1	0
164	2013-05-13 08:19:00	22	0	1	0
74	2013-05-13 08:21:00	22	0	1	0
158	2013-05-13 08:24:00	22	0	1	0
95	2013-05-13 08:25:00	22	0	1	0
101	2013-05-13 08:26:00	22	0	1	0
144	2013-05-13 08:26:00	22	0	1	0
60	2013-05-13 08:26:00	22	0	1	0
39	2013-05-13 08:27:00	22	0	1	0
108	2013-05-13 08:28:00	22	0	1	0
142	2013-05-13 08:28:00	22	0	1	0
159	2013-05-13 08:32:00	22	0	1	0
121	2013-05-13 08:33:00	22	0	1	0
97	2013-05-13 08:34:00	22	0	1	0
86	2013-05-13 08:37:00	22	0	1	0
90	2013-05-13 08:37:00	22	0	1	0
125	2013-05-13 08:37:00	22	0	1	0
163	2013-05-13 08:37:00	22	0	1	0
150	2013-05-13 08:37:00	22	0	1	0
169	2013-05-13 08:38:00	22	0	1	0
87	2013-05-13 08:38:00	22	0	1	0
54	2013-05-13 08:38:00	22	0	1	0
107	2013-05-13 08:38:00	22	0	1	0
146	2013-05-13 08:38:00	22	0	1	0
154	2013-05-13 08:38:00	22	0	1	0
55	2013-05-13 08:38:00	22	0	1	0
41	2013-05-13 08:38:00	22	0	1	0
117	2013-05-13 08:38:00	22	0	1	0
46	2013-05-13 08:39:00	22	0	1	0
20	2013-05-13 08:39:00	22	0	1	0
112	2013-05-13 08:39:00	22	0	1	0
103	2013-05-13 08:40:00	22	0	1	0
1	2013-05-13 08:41:00	22	0	1	0
3	2013-05-13 08:41:00	22	0	1	0
167	2013-05-13 08:41:00	22	0	1	0
56	2013-05-13 08:43:00	22	0	1	0
141	2013-05-13 08:44:00	22	0	1	0
155	2013-05-13 08:44:00	22	0	1	0
118	2013-05-13 08:49:00	22	0	1	0
137	2013-05-13 08:50:00	22	0	1	0
68	2013-05-13 08:50:00	22	0	1	0
5	2013-05-13 08:51:00	22	0	1	0
129	2013-05-13 08:51:00	22	0	1	0
160	2013-05-13 08:53:00	22	0	1	0
93	2013-05-13 08:56:00	22	0	1	0
115	2013-05-13 08:57:00	22	0	1	0
29	2013-05-13 09:11:00	22	0	1	0
83	2013-05-13 09:16:00	22	0	1	0
48	2013-05-13 09:23:00	22	0	1	0
67	2013-05-13 09:33:00	22	0	1	0
77	2013-05-13 09:56:00	22	0	1	0
79	2013-05-13 10:41:00	22	0	1	0
104	2013-05-13 10:44:00	22	0	1	0
97	2013-05-13 13:19:00	22	0	1	0
107	2013-05-13 14:43:00	22	0	1	0
158	2013-05-13 14:45:00	22	0	1	0
132	2013-05-13 14:45:00	22	0	1	0
163	2013-05-13 14:45:00	22	0	1	0
115	2013-05-13 14:46:00	22	0	1	0
54	2013-05-13 14:47:00	22	0	1	0
159	2013-05-13 14:47:00	22	0	1	0
41	2013-05-13 14:48:00	22	0	1	0
160	2013-05-13 14:50:00	22	0	1	0
117	2013-05-13 14:51:00	22	0	1	0
60	2013-05-13 14:51:00	22	0	1	0
112	2013-05-13 14:51:00	22	0	1	0
156	2013-05-13 14:55:00	22	0	1	0
167	2013-05-13 14:55:00	22	0	1	0
139	2013-05-13 14:56:00	22	0	1	0
169	2013-05-13 14:56:00	22	0	1	0
128	2013-05-13 14:57:00	22	0	1	0
157	2013-05-13 14:58:00	22	0	1	0
90	2013-05-13 14:59:00	22	0	1	0
56	2013-05-13 15:01:00	22	0	1	0
30	2013-05-13 15:02:00	22	0	1	0
129	2013-05-13 15:02:00	22	0	1	0
144	2013-05-13 15:02:00	22	0	1	0
118	2013-05-13 15:05:00	22	0	1	0
68	2013-05-13 15:07:00	22	0	1	0
155	2013-05-13 15:07:00	22	0	1	0
55	2013-05-13 15:07:00	22	0	1	0
93	2013-05-13 15:27:00	22	0	1	0
140	2013-05-13 15:29:00	22	0	1	0
146	2013-05-13 16:10:00	22	0	1	0
74	2013-05-13 16:28:00	22	0	1	0
20	2013-05-13 16:28:00	22	0	1	0
101	2013-05-13 16:30:00	22	0	1	0
117	2013-05-13 16:36:00	22	0	1	0
29	2013-05-13 16:44:00	22	0	1	0
120	2013-05-13 16:57:00	22	0	1	0
141	2013-05-13 17:28:00	22	0	1	0
137	2013-05-13 19:27:00	22	0	1	0
120	2013-05-14 06:06:00	22	0	1	0
169	2013-05-14 06:56:00	22	0	1	0
78	2013-05-14 07:15:00	22	0	1	0
156	2013-05-14 07:15:00	22	0	1	0
3	2013-05-14 07:15:00	22	0	1	0
167	2013-05-14 07:40:00	22	0	1	0
125	2013-05-14 07:51:00	22	0	1	0
46	2013-05-14 07:51:00	22	0	1	0
23	2013-05-14 07:51:00	22	0	1	0
86	2013-05-14 07:53:00	22	0	1	0
128	2013-05-14 07:57:00	22	0	1	0
135	2013-05-14 08:01:00	22	0	1	0
74	2013-05-14 08:02:00	22	0	1	0
62	2013-05-14 08:02:00	22	0	1	0
118	2013-05-14 08:03:00	22	0	1	0
139	2013-05-14 08:05:00	22	0	1	0
105	2013-05-14 08:07:00	22	0	1	0
56	2013-05-14 08:10:00	22	0	1	0
20	2013-05-14 08:18:00	22	0	1	0
159	2013-05-14 08:18:00	22	0	1	0
54	2013-05-14 08:18:00	22	0	1	0
112	2013-05-14 08:19:00	22	0	1	0
76	2013-05-14 08:19:00	22	0	1	0
39	2013-05-14 08:22:00	22	0	1	0
157	2013-05-14 08:26:00	22	0	1	0
129	2013-05-14 08:29:00	22	0	1	0
5	2013-05-14 08:30:00	22	0	1	0
144	2013-05-14 08:30:00	22	0	1	0
1	2013-05-14 08:31:00	22	0	1	0
103	2013-05-14 08:32:00	22	0	1	0
93	2013-05-14 08:33:00	22	0	1	0
160	2013-05-14 08:33:00	22	0	1	0
143	2013-05-14 08:38:00	22	0	1	0
108	2013-05-14 08:43:00	22	0	1	0
146	2013-05-14 08:48:00	22	0	1	0
158	2013-05-14 08:53:00	22	0	1	0
67	2013-05-14 08:54:00	22	0	1	0
101	2013-05-14 08:55:00	22	0	1	0
96	2013-05-14 09:00:00	22	0	1	0
107	2013-05-14 09:01:00	22	0	1	0
115	2013-05-14 09:04:00	22	0	1	0
40	2013-05-14 09:05:00	22	0	1	0
140	2013-05-14 09:05:00	22	0	1	0
30	2013-05-14 09:06:00	22	0	1	0
60	2013-05-14 09:06:00	22	0	1	0
114	2013-05-14 09:07:00	22	0	1	0
163	2013-05-14 09:20:00	22	0	1	0
122	2013-05-14 09:26:00	22	0	1	0
95	2013-05-14 09:36:00	22	0	1	0
97	2013-05-14 09:39:00	22	0	1	0
141	2013-05-14 09:40:00	22	0	1	0
133	2013-05-14 09:40:00	22	0	1	0
150	2013-05-14 09:40:00	22	0	1	0
152	2013-05-14 09:43:00	22	0	1	0
142	2013-05-14 09:51:00	22	0	1	0
50	2013-05-14 09:56:00	22	0	1	0
68	2013-05-14 10:05:00	22	0	1	0
53	2013-05-14 10:07:00	22	0	1	0
41	2013-05-14 10:10:00	22	0	1	0
104	2013-05-14 10:48:00	22	0	1	0
90	2013-05-14 11:16:00	22	0	1	0
57	2013-05-14 11:34:00	22	0	1	0
30	2013-05-14 14:16:00	22	0	1	0
152	2013-05-14 14:27:00	22	0	1	0
125	2013-05-14 14:33:00	22	0	1	0
156	2013-05-14 14:33:00	22	0	1	0
40	2013-05-14 14:33:00	22	0	1	0
158	2013-05-14 14:34:00	22	0	1	0
132	2013-05-14 14:34:00	22	0	1	0
54	2013-05-14 14:34:00	22	0	1	0
139	2013-05-14 14:34:00	22	0	1	0
143	2013-05-14 14:34:00	22	0	1	0
122	2013-05-14 14:35:00	22	0	1	0
105	2013-05-14 14:36:00	22	0	1	0
99	2013-05-14 14:39:00	22	0	1	0
78	2013-05-14 14:39:00	22	0	1	0
167	2013-05-14 14:39:00	22	0	1	0
162	2013-05-14 14:42:00	22	0	1	0
163	2013-05-14 14:43:00	22	0	1	0
169	2013-05-14 14:45:00	22	0	1	0
97	2013-05-14 14:46:00	22	0	1	0
159	2013-05-14 14:46:00	22	0	1	0
115	2013-05-14 14:46:00	22	0	1	0
140	2013-05-14 14:47:00	22	0	1	0
129	2013-05-14 14:47:00	22	0	1	0
112	2013-05-14 14:48:00	22	0	1	0
90	2013-05-14 14:54:00	22	0	1	0
107	2013-05-14 14:57:00	22	0	1	0
86	2013-05-14 14:57:00	22	0	1	0
118	2013-05-14 14:58:00	22	0	1	0
62	2013-05-14 14:59:00	22	0	1	0
93	2013-05-14 14:59:00	22	0	1	0
160	2013-05-14 15:01:00	22	0	1	0
67	2013-05-14 15:06:00	22	0	1	0
70	2013-05-14 15:12:00	22	0	1	0
120	2013-05-14 15:24:00	22	0	1	0
50	2013-05-14 15:38:00	22	0	1	0
104	2013-05-14 15:41:00	22	0	1	0
56	2013-05-14 15:47:00	22	0	1	0
29	2013-05-14 15:48:00	22	0	1	0
103	2013-05-14 16:11:00	22	0	1	0
1	2013-05-14 16:12:00	22	0	1	0
23	2013-05-14 16:13:00	22	0	1	0
124	2013-05-14 16:29:00	22	0	1	0
144	2013-05-14 16:29:00	22	0	1	0
95	2013-05-14 16:29:00	22	0	1	0
60	2013-05-14 16:37:00	22	0	1	0
108	2013-05-14 16:58:00	22	0	1	0
74	2013-05-14 17:00:00	22	0	1	0
101	2013-05-14 17:01:00	22	0	1	0
141	2013-05-14 17:32:00	22	0	1	0
153	2013-05-14 17:32:00	22	0	1	0
146	2013-05-14 18:17:00	22	0	1	0
137	2013-05-14 18:19:00	22	0	1	0
135	2013-05-14 18:19:00	22	0	1	0
120	2013-05-15 06:24:00	22	0	1	0
121	2013-05-15 07:05:00	22	0	1	0
169	2013-05-15 07:17:00	22	0	1	0
78	2013-05-15 07:17:00	22	0	1	0
3	2013-05-15 07:35:00	22	0	1	0
56	2013-05-15 07:39:00	22	0	1	0
137	2013-05-15 07:50:00	22	0	1	0
86	2013-05-15 07:51:00	22	0	1	0
139	2013-05-15 07:51:00	22	0	1	0
156	2013-05-15 07:51:00	22	0	1	0
46	2013-05-15 07:53:00	22	0	1	0
125	2013-05-15 07:53:00	22	0	1	0
157	2013-05-15 07:53:00	22	0	1	0
163	2013-05-15 07:56:00	22	0	1	0
128	2013-05-15 08:00:00	22	0	1	0
118	2013-05-15 08:01:00	22	0	1	0
167	2013-05-15 08:07:00	22	0	1	0
54	2013-05-15 08:14:00	22	0	1	0
20	2013-05-15 08:14:00	22	0	1	0
112	2013-05-15 08:15:00	22	0	1	0
159	2013-05-15 08:16:00	22	0	1	0
108	2013-05-15 08:18:00	22	0	1	0
23	2013-05-15 08:20:00	22	0	1	0
122	2013-05-15 08:21:00	22	0	1	0
135	2013-05-15 08:22:00	22	0	1	0
166	2013-05-15 08:22:00	22	0	1	0
39	2013-05-15 08:24:00	22	0	1	0
74	2013-05-15 08:30:00	22	0	1	0
5	2013-05-15 08:33:00	22	0	1	0
144	2013-05-15 08:33:00	22	0	1	0
87	2013-05-15 08:35:00	22	0	1	0
164	2013-05-15 08:35:00	22	0	1	0
143	2013-05-15 08:39:00	22	0	1	0
62	2013-05-15 08:39:00	22	0	1	0
148	2013-05-15 08:39:00	22	0	1	0
93	2013-05-15 08:42:00	22	0	1	0
129	2013-05-15 08:42:00	22	0	1	0
97	2013-05-15 08:42:00	22	0	1	0
141	2013-05-15 08:45:00	22	0	1	0
107	2013-05-15 08:50:00	22	0	1	0
30	2013-05-15 08:50:00	22	0	1	0
29	2013-05-15 08:51:00	22	0	1	0
158	2013-05-15 08:51:00	22	0	1	0
13	2013-05-15 08:52:00	22	0	1	0
60	2013-05-15 08:56:00	22	0	1	0
115	2013-05-15 08:57:00	22	0	1	0
152	2013-05-15 08:59:00	22	0	1	0
155	2013-05-15 09:00:00	22	0	1	0
150	2013-05-15 09:05:00	22	0	1	0
55	2013-05-15 09:05:00	22	0	1	0
96	2013-05-15 09:28:00	22	0	1	0
76	2013-05-15 09:31:00	22	0	1	0
40	2013-05-15 09:41:00	22	0	1	0
117	2013-05-15 09:49:00	22	0	1	0
41	2013-05-15 09:56:00	22	0	1	0
77	2013-05-15 09:57:00	22	0	1	0
53	2013-05-15 09:59:00	22	0	1	0
154	2013-05-15 10:00:00	22	0	1	0
95	2013-05-15 10:13:00	22	0	1	0
81	2013-05-15 10:43:00	22	0	1	0
105	2013-05-15 10:44:00	22	0	1	0
104	2013-05-15 10:57:00	22	0	1	0
50	2013-05-15 11:18:00	22	0	1	0
57	2013-05-15 12:33:00	22	0	1	0
30	2013-05-15 14:20:00	22	0	1	0
148	2013-05-15 14:26:00	22	0	1	0
96	2013-05-15 14:29:00	22	0	1	0
99	2013-05-15 14:37:00	22	0	1	0
54	2013-05-15 14:37:00	22	0	1	0
40	2013-05-15 14:38:00	22	0	1	0
81	2013-05-15 14:38:00	22	0	1	0
115	2013-05-15 14:40:00	22	0	1	0
143	2013-05-15 14:40:00	22	0	1	0
97	2013-05-15 14:40:00	22	0	1	0
77	2013-05-15 14:42:00	22	0	1	0
158	2013-05-15 14:44:00	22	0	1	0
78	2013-05-15 14:44:00	22	0	1	0
159	2013-05-15 14:49:00	22	0	1	0
144	2013-05-15 14:50:00	22	0	1	0
169	2013-05-15 14:51:00	22	0	1	0
139	2013-05-15 14:52:00	22	0	1	0
105	2013-05-15 14:52:00	22	0	1	0
13	2013-05-15 14:53:00	22	0	1	0
129	2013-05-15 14:54:00	22	0	1	0
164	2013-05-15 14:54:00	22	0	1	0
5	2013-05-15 14:55:00	22	0	1	0
154	2013-05-15 14:57:00	22	0	1	0
118	2013-05-15 15:00:00	22	0	1	0
117	2013-05-15 15:01:00	22	0	1	0
122	2013-05-15 15:01:00	22	0	1	0
93	2013-05-15 15:09:00	22	0	1	0
167	2013-05-15 15:10:00	22	0	1	0
3	2013-05-15 15:14:00	22	0	1	0
95	2013-05-15 15:17:00	22	0	1	0
103	2013-05-15 15:20:00	22	0	1	0
156	2013-05-15 15:23:00	22	0	1	0
124	2013-05-15 15:27:00	22	0	1	0
55	2013-05-15 15:47:00	22	0	1	0
120	2013-05-15 15:54:00	22	0	1	0
50	2013-05-15 16:13:00	22	0	1	0
23	2013-05-15 16:20:00	22	0	1	0
29	2013-05-15 16:28:00	22	0	1	0
60	2013-05-15 16:33:00	22	0	1	0
135	2013-05-15 16:43:00	22	0	1	0
137	2013-05-15 16:43:00	22	0	1	0
20	2013-05-15 16:51:00	22	0	1	0
39	2013-05-15 16:54:00	22	0	1	0
112	2013-05-15 16:55:00	22	0	1	0
128	2013-05-15 16:58:00	22	0	1	0
74	2013-05-15 17:02:00	22	0	1	0
101	2013-05-15 17:14:00	22	0	1	0
146	2013-05-15 17:31:00	22	0	1	0
157	2013-05-15 17:52:00	22	0	1	0
56	2013-05-15 17:52:00	22	0	1	0
141	2013-05-15 17:52:00	22	0	1	0
153	2013-05-15 17:52:00	22	0	1	0
62	2013-05-15 17:53:00	22	0	1	0
155	2013-05-15 17:53:00	22	0	1	0
120	2013-05-16 06:17:00	22	0	1	0
78	2013-05-16 06:32:00	22	0	1	0
169	2013-05-16 06:41:00	22	0	1	0
86	2013-05-16 07:38:00	22	0	1	0
57	2013-05-16 07:44:00	22	0	1	0
156	2013-05-16 07:44:00	22	0	1	0
159	2013-05-16 07:45:00	22	0	1	0
121	2013-05-16 07:46:00	22	0	1	0
56	2013-05-16 07:49:00	22	0	1	0
167	2013-05-16 07:50:00	22	0	1	0
163	2013-05-16 07:54:00	22	0	1	0
154	2013-05-16 07:54:00	22	0	1	0
46	2013-05-16 07:54:00	22	0	1	0
125	2013-05-16 07:55:00	22	0	1	0
157	2013-05-16 07:55:00	22	0	1	0
128	2013-05-16 07:55:00	22	0	1	0
118	2013-05-16 07:57:00	22	0	1	0
77	2013-05-16 08:08:00	22	0	1	0
135	2013-05-16 08:11:00	22	0	1	0
39	2013-05-16 08:14:00	22	0	1	0
108	2013-05-16 08:16:00	22	0	1	0
146	2013-05-16 08:17:00	22	0	1	0
137	2013-05-16 08:17:00	22	0	1	0
20	2013-05-16 08:21:00	22	0	1	0
101	2013-05-16 08:21:00	22	0	1	0
54	2013-05-16 08:21:00	22	0	1	0
23	2013-05-16 08:21:00	22	0	1	0
112	2013-05-16 08:23:00	22	0	1	0
97	2013-05-16 08:36:00	22	0	1	0
148	2013-05-16 08:37:00	22	0	1	0
160	2013-05-16 08:39:00	22	0	1	0
152	2013-05-16 08:40:00	22	0	1	0
142	2013-05-16 08:40:00	22	0	1	0
107	2013-05-16 08:43:00	22	0	1	0
115	2013-05-16 08:43:00	22	0	1	0
67	2013-05-16 08:47:00	22	0	1	0
41	2013-05-16 08:48:00	22	0	1	0
149	2013-05-16 08:49:00	22	0	1	0
56	2013-05-16 08:49:00	22	0	1	0
122	2013-05-16 08:50:00	22	0	1	0
55	2013-05-16 08:51:00	22	0	1	0
117	2013-05-16 08:53:00	22	0	1	0
62	2013-05-16 08:54:00	22	0	1	0
30	2013-05-16 08:54:00	22	0	1	0
105	2013-05-16 08:54:00	22	0	1	0
74	2013-05-16 09:00:00	22	0	1	0
139	2013-05-16 09:01:00	22	0	1	0
99	2013-05-16 09:01:00	22	0	1	0
5	2013-05-16 09:01:00	22	0	1	0
53	2013-05-16 09:02:00	22	0	1	0
60	2013-05-16 09:04:00	22	0	1	0
93	2013-05-16 09:04:00	22	0	1	0
87	2013-05-16 09:07:00	22	0	1	0
164	2013-05-16 09:09:00	22	0	1	0
13	2013-05-16 09:11:00	22	0	1	0
144	2013-05-16 09:15:00	22	0	1	0
158	2013-05-16 09:17:00	22	0	1	0
150	2013-05-16 09:23:00	22	0	1	0
143	2013-05-16 09:36:00	22	0	1	0
96	2013-05-16 09:37:00	22	0	1	0
40	2013-05-16 09:55:00	22	0	1	0
68	2013-05-16 10:01:00	22	0	1	0
95	2013-05-16 10:05:00	22	0	1	0
129	2013-05-16 10:27:00	22	0	1	0
50	2013-05-16 10:41:00	22	0	1	0
104	2013-05-16 11:29:00	22	0	1	0
23	2013-05-16 12:29:00	22	0	1	0
87	2013-05-16 12:53:00	22	0	1	0
70	2013-05-16 13:27:00	22	0	1	0
125	2013-05-16 14:33:00	22	0	1	0
40	2013-05-16 14:34:00	22	0	1	0
143	2013-05-16 14:35:00	22	0	1	0
115	2013-05-16 14:37:00	22	0	1	0
132	2013-05-16 14:38:00	22	0	1	0
48	2013-05-16 14:38:00	22	0	1	0
163	2013-05-16 14:39:00	22	0	1	0
54	2013-05-16 14:43:00	22	0	1	0
30	2013-05-16 14:43:00	22	0	1	0
140	2013-05-16 14:45:00	22	0	1	0
107	2013-05-16 14:45:00	22	0	1	0
128	2013-05-16 14:45:00	22	0	1	0
99	2013-05-16 14:46:00	22	0	1	0
164	2013-05-16 14:47:00	22	0	1	0
167	2013-05-16 14:47:00	22	0	1	0
78	2013-05-16 14:47:00	22	0	1	0
97	2013-05-16 14:48:00	22	0	1	0
169	2013-05-16 14:51:00	22	0	1	0
159	2013-05-16 14:51:00	22	0	1	0
139	2013-05-16 14:52:00	22	0	1	0
90	2013-05-16 14:53:00	22	0	1	0
77	2013-05-16 15:05:00	22	0	1	0
160	2013-05-16 15:10:00	22	0	1	0
142	2013-05-16 15:10:00	22	0	1	0
144	2013-05-16 15:20:00	22	0	1	0
93	2013-05-16 15:29:00	22	0	1	0
68	2013-05-16 15:35:00	22	0	1	0
157	2013-05-16 15:35:00	22	0	1	0
124	2013-05-16 15:39:00	22	0	1	0
118	2013-05-16 15:42:00	22	0	1	0
95	2013-05-16 15:43:00	22	0	1	0
60	2013-05-16 15:46:00	22	0	1	0
112	2013-05-16 15:48:00	22	0	1	0
20	2013-05-16 15:49:00	22	0	1	0
39	2013-05-16 15:50:00	22	0	1	0
101	2013-05-16 15:50:00	22	0	1	0
74	2013-05-16 15:50:00	22	0	1	0
55	2013-05-16 15:52:00	22	0	1	0
104	2013-05-16 15:53:00	22	0	1	0
122	2013-05-16 15:59:00	22	0	1	0
105	2013-05-16 16:08:00	22	0	1	0
50	2013-05-16 16:10:00	22	0	1	0
117	2013-05-16 16:10:00	22	0	1	0
104	2013-05-16 16:44:00	22	0	1	0
67	2013-05-16 16:47:00	22	0	1	0
155	2013-05-16 16:48:00	22	0	1	0
135	2013-05-16 16:56:00	22	0	1	0
137	2013-05-16 16:57:00	22	0	1	0
56	2013-05-16 17:09:00	22	0	1	0
62	2013-05-16 17:48:00	22	0	1	0
141	2013-05-16 17:48:00	22	0	1	0
153	2013-05-16 17:48:00	22	0	1	0
146	2013-05-16 17:50:00	22	0	1	0
120	2013-05-16 21:07:00	22	0	1	0
120	2013-05-17 06:13:00	22	0	1	0
169	2013-05-17 07:06:00	22	0	1	0
156	2013-05-17 07:18:00	22	0	1	0
78	2013-05-17 07:30:00	22	0	1	0
125	2013-05-17 07:44:00	22	0	1	0
56	2013-05-17 07:45:00	22	0	1	0
128	2013-05-17 07:46:00	22	0	1	0
86	2013-05-17 07:56:00	22	0	1	0
55	2013-05-17 08:01:00	22	0	1	0
152	2013-05-17 08:03:00	22	0	1	0
139	2013-05-17 08:04:00	22	0	1	0
170	2013-05-17 08:06:00	22	0	1	0
157	2013-05-17 08:08:00	22	0	1	0
3	2013-05-17 08:09:00	22	0	1	0
142	2013-05-17 08:09:00	22	0	1	0
118	2013-05-17 08:10:00	22	0	1	0
165	2013-05-17 08:18:00	22	0	1	0
122	2013-05-17 08:19:00	22	0	1	0
20	2013-05-17 08:20:00	22	0	1	0
54	2013-05-17 08:20:00	22	0	1	0
101	2013-05-17 08:20:00	22	0	1	0
143	2013-05-17 08:21:00	22	0	1	0
164	2013-05-17 08:22:00	22	0	1	0
74	2013-05-17 08:25:00	22	0	1	0
112	2013-05-17 08:26:00	22	0	1	0
163	2013-05-17 08:27:00	22	0	1	0
137	2013-05-17 08:27:00	22	0	1	0
29	2013-05-17 08:28:00	22	0	1	0
23	2013-05-17 08:31:00	22	0	1	0
167	2013-05-17 08:32:00	22	0	1	0
117	2013-05-17 08:32:00	22	0	1	0
97	2013-05-17 08:34:00	22	0	1	0
160	2013-05-17 08:35:00	22	0	1	0
41	2013-05-17 08:40:00	22	0	1	0
115	2013-05-17 08:41:00	22	0	1	0
135	2013-05-17 08:44:00	22	0	1	0
158	2013-05-17 08:45:00	22	0	1	0
39	2013-05-17 08:48:00	22	0	1	0
159	2013-05-17 08:50:00	22	0	1	0
108	2013-05-17 08:51:00	22	0	1	0
146	2013-05-17 08:54:00	22	0	1	0
60	2013-05-17 08:56:00	22	0	1	0
5	2013-05-17 08:56:00	22	0	1	0
95	2013-05-17 08:57:00	22	0	1	0
67	2013-05-17 08:58:00	22	0	1	0
129	2013-05-17 08:59:00	22	0	1	0
148	2013-05-17 08:59:00	22	0	1	0
96	2013-05-17 09:09:00	22	0	1	0
30	2013-05-17 09:10:00	22	0	1	0
141	2013-05-17 09:10:00	22	0	1	0
150	2013-05-17 09:14:00	22	0	1	0
144	2013-05-17 09:16:00	22	0	1	0
114	2013-05-17 09:17:00	22	0	1	0
62	2013-05-17 09:29:00	22	0	1	0
40	2013-05-17 09:49:00	22	0	1	0
93	2013-05-17 10:13:00	22	0	1	0
75	2013-05-17 10:13:00	22	0	1	0
90	2013-05-17 10:15:00	22	0	1	0
105	2013-05-17 12:12:00	22	0	1	0
57	2013-05-17 13:08:00	22	0	1	0
160	2013-05-17 13:53:00	22	0	1	0
67	2013-05-17 13:53:00	22	0	1	0
62	2013-05-17 13:53:00	22	0	1	0
48	2013-05-17 14:21:00	22	0	1	0
132	2013-05-17 14:22:00	22	0	1	0
158	2013-05-17 14:22:00	22	0	1	0
125	2013-05-17 14:38:00	22	0	1	0
143	2013-05-17 14:38:00	22	0	1	0
54	2013-05-17 14:38:00	22	0	1	0
99	2013-05-17 14:39:00	22	0	1	0
40	2013-05-17 14:39:00	22	0	1	0
163	2013-05-17 14:39:00	22	0	1	0
170	2013-05-17 14:40:00	22	0	1	0
81	2013-05-17 14:40:00	22	0	1	0
76	2013-05-17 14:41:00	22	0	1	0
164	2013-05-17 14:42:00	22	0	1	0
167	2013-05-17 14:45:00	22	0	1	0
97	2013-05-17 14:49:00	22	0	1	0
152	2013-05-17 14:50:00	22	0	1	0
139	2013-05-17 14:51:00	22	0	1	0
156	2013-05-17 14:51:00	22	0	1	0
159	2013-05-17 14:56:00	22	0	1	0
78	2013-05-17 14:59:00	22	0	1	0
86	2013-05-17 14:59:00	22	0	1	0
68	2013-05-17 15:00:00	22	0	1	0
129	2013-05-17 15:01:00	22	0	1	0
169	2013-05-17 15:03:00	22	0	1	0
93	2013-05-17 15:13:00	22	0	1	0
23	2013-05-17 15:22:00	22	0	1	0
144	2013-05-17 15:26:00	22	0	1	0
112	2013-05-17 15:29:00	22	0	1	0
39	2013-05-17 15:29:00	22	0	1	0
74	2013-05-17 15:29:00	22	0	1	0
101	2013-05-17 15:30:00	22	0	1	0
157	2013-05-17 15:33:00	22	0	1	0
165	2013-05-17 15:34:00	22	0	1	0
115	2013-05-17 15:50:00	22	0	1	0
95	2013-05-17 15:51:00	22	0	1	0
120	2013-05-17 15:59:00	22	0	1	0
29	2013-05-17 16:18:00	22	0	1	0
55	2013-05-17 16:41:00	22	0	1	0
107	2013-05-17 16:59:00	22	0	1	0
143	2013-05-17 17:01:00	22	0	1	0
117	2013-05-17 17:04:00	22	0	1	0
141	2013-05-17 17:11:00	22	0	1	0
153	2013-05-17 17:11:00	22	0	1	0
146	2013-05-17 19:07:00	22	0	1	0
104	2013-05-17 20:06:00	22	0	1	0
135	2013-05-17 20:07:00	22	0	1	0
137	2013-05-17 20:24:00	22	0	1	0
135	2013-05-18 19:26:00	22	0	1	0
3	2013-05-21 07:03:00	22	0	1	0
121	2013-05-21 07:03:00	22	0	1	0
169	2013-05-21 07:06:00	22	0	1	0
78	2013-05-21 07:06:00	22	0	1	0
137	2013-05-21 07:15:00	22	0	1	0
50	2013-05-21 07:26:00	22	0	1	0
86	2013-05-21 07:35:00	22	0	1	0
167	2013-05-21 07:41:00	22	0	1	0
170	2013-05-21 07:46:00	22	0	1	0
140	2013-05-21 07:47:00	22	0	1	0
56	2013-05-21 07:49:00	22	0	1	0
13	2013-05-21 07:52:00	22	0	1	0
23	2013-05-21 07:53:00	22	0	1	0
74	2013-05-21 07:59:00	22	0	1	0
125	2013-05-21 08:00:00	22	0	1	0
154	2013-05-21 08:00:00	22	0	1	0
157	2013-05-21 08:01:00	22	0	1	0
128	2013-05-21 08:02:00	22	0	1	0
152	2013-05-21 08:05:00	22	0	1	0
5	2013-05-21 08:15:00	22	0	1	0
159	2013-05-21 08:20:00	22	0	1	0
97	2013-05-21 08:20:00	22	0	1	0
46	2013-05-21 08:22:00	22	0	1	0
165	2013-05-21 08:25:00	22	0	1	0
39	2013-05-21 08:25:00	22	0	1	0
29	2013-05-21 08:26:00	22	0	1	0
166	2013-05-21 08:29:00	22	0	1	0
144	2013-05-21 08:30:00	22	0	1	0
108	2013-05-21 08:30:00	22	0	1	0
135	2013-05-21 08:31:00	22	0	1	0
93	2013-05-21 08:32:00	22	0	1	0
55	2013-05-21 08:32:00	22	0	1	0
148	2013-05-21 08:40:00	22	0	1	0
146	2013-05-21 08:43:00	22	0	1	0
87	2013-05-21 08:44:00	22	0	1	0
83	2013-05-21 08:49:00	22	0	1	0
20	2013-05-21 08:52:00	22	0	1	0
54	2013-05-21 08:52:00	22	0	1	0
101	2013-05-21 08:53:00	22	0	1	0
142	2013-05-21 08:53:00	22	0	1	0
112	2013-05-21 08:53:00	22	0	1	0
107	2013-05-21 08:53:00	22	0	1	0
143	2013-05-21 08:54:00	22	0	1	0
138	2013-05-21 08:55:00	22	0	1	0
141	2013-05-21 08:56:00	22	0	1	0
163	2013-05-21 08:57:00	22	0	1	0
113	2013-05-21 08:57:00	22	0	1	0
30	2013-05-21 09:03:00	22	0	1	0
76	2013-05-21 09:05:00	22	0	1	0
67	2013-05-21 09:05:00	22	0	1	0
117	2013-05-21 09:11:00	22	0	1	0
105	2013-05-21 09:20:00	22	0	1	0
40	2013-05-21 09:21:00	22	0	1	0
41	2013-05-21 09:28:00	22	0	1	0
150	2013-05-21 09:34:00	22	0	1	0
95	2013-05-21 09:37:00	22	0	1	0
70	2013-05-21 09:44:00	22	0	1	0
99	2013-05-21 09:46:00	22	0	1	0
68	2013-05-21 09:58:00	22	0	1	0
60	2013-05-21 10:02:00	22	0	1	0
129	2013-05-21 10:10:00	22	0	1	0
107	2013-05-21 10:25:00	22	0	1	0
81	2013-05-21 11:13:00	22	0	1	0
140	2013-05-21 13:44:00	22	0	1	0
87	2013-05-21 13:59:00	22	0	1	0
78	2013-05-21 14:40:00	22	0	1	0
152	2013-05-21 14:42:00	22	0	1	0
125	2013-05-21 14:42:00	22	0	1	0
54	2013-05-21 14:42:00	22	0	1	0
132	2013-05-21 14:43:00	22	0	1	0
129	2013-05-21 14:43:00	22	0	1	0
99	2013-05-21 14:43:00	22	0	1	0
76	2013-05-21 14:43:00	22	0	1	0
163	2013-05-21 14:43:00	22	0	1	0
170	2013-05-21 14:44:00	22	0	1	0
156	2013-05-21 14:44:00	22	0	1	0
81	2013-05-21 14:44:00	22	0	1	0
40	2013-05-21 14:45:00	22	0	1	0
167	2013-05-21 14:46:00	22	0	1	0
158	2013-05-21 14:46:00	22	0	1	0
143	2013-05-21 14:47:00	22	0	1	0
128	2013-05-21 14:50:00	22	0	1	0
159	2013-05-21 14:52:00	22	0	1	0
141	2013-05-21 14:52:00	22	0	1	0
153	2013-05-21 14:52:00	22	0	1	0
169	2013-05-21 14:59:00	22	0	1	0
86	2013-05-21 15:03:00	22	0	1	0
90	2013-05-21 15:12:00	22	0	1	0
124	2013-05-21 15:25:00	22	0	1	0
93	2013-05-21 15:29:00	22	0	1	0
160	2013-05-21 15:34:00	22	0	1	0
138	2013-05-21 15:35:00	22	0	1	0
30	2013-05-21 15:46:00	22	0	1	0
165	2013-05-21 15:53:00	22	0	1	0
95	2013-05-21 15:56:00	22	0	1	0
56	2013-05-21 15:58:00	22	0	1	0
142	2013-05-21 16:00:00	22	0	1	0
157	2013-05-21 16:04:00	22	0	1	0
67	2013-05-21 16:07:00	22	0	1	0
62	2013-05-21 16:08:00	22	0	1	0
53	2013-05-21 16:08:00	22	0	1	0
117	2013-05-21 16:17:00	22	0	1	0
23	2013-05-21 16:19:00	22	0	1	0
13	2013-05-21 16:33:00	22	0	1	0
97	2013-05-21 16:35:00	22	0	1	0
29	2013-05-21 16:41:00	22	0	1	0
113	2013-05-21 16:50:00	22	0	1	0
83	2013-05-21 17:10:00	22	0	1	0
56	2013-05-21 17:12:00	22	0	1	0
144	2013-05-21 17:15:00	22	0	1	0
60	2013-05-21 17:16:00	22	0	1	0
105	2013-05-21 18:02:00	22	0	1	0
101	2013-05-21 18:09:00	22	0	1	0
39	2013-05-21 18:09:00	22	0	1	0
20	2013-05-21 18:09:00	22	0	1	0
112	2013-05-21 18:09:00	22	0	1	0
74	2013-05-21 18:09:00	22	0	1	0
146	2013-05-21 18:42:00	22	0	1	0
135	2013-05-21 18:51:00	22	0	1	0
55	2013-05-21 19:38:00	22	0	1	0
137	2013-05-21 19:59:00	22	0	1	0
169	2013-05-22 07:19:00	22	0	1	0
156	2013-05-22 07:45:00	22	0	1	0
125	2013-05-22 07:48:00	22	0	1	0
78	2013-05-22 07:50:00	22	0	1	0
128	2013-05-22 07:50:00	22	0	1	0
157	2013-05-22 07:58:00	22	0	1	0
74	2013-05-22 07:59:00	22	0	1	0
152	2013-05-22 08:01:00	22	0	1	0
86	2013-05-22 08:01:00	22	0	1	0
93	2013-05-22 08:05:00	22	0	1	0
167	2013-05-22 08:05:00	22	0	1	0
170	2013-05-22 08:07:00	22	0	1	0
48	2013-05-22 08:21:00	22	0	1	0
115	2013-05-22 08:24:00	22	0	1	0
39	2013-05-22 08:30:00	22	0	1	0
20	2013-05-22 08:31:00	22	0	1	0
54	2013-05-22 08:31:00	22	0	1	0
112	2013-05-22 08:32:00	22	0	1	0
13	2013-05-22 08:32:00	22	0	1	0
108	2013-05-22 08:32:00	22	0	1	0
5	2013-05-22 08:34:00	22	0	1	0
113	2013-05-22 08:38:00	22	0	1	0
129	2013-05-22 08:43:00	22	0	1	0
30	2013-05-22 08:43:00	22	0	1	0
159	2013-05-22 08:44:00	22	0	1	0
160	2013-05-22 08:45:00	22	0	1	0
122	2013-05-22 08:51:00	22	0	1	0
164	2013-05-22 08:51:00	22	0	1	0
165	2013-05-22 08:53:00	22	0	1	0
101	2013-05-22 08:54:00	22	0	1	0
135	2013-05-22 08:56:00	22	0	1	0
46	2013-05-22 09:03:00	22	0	1	0
163	2013-05-22 09:03:00	22	0	1	0
137	2013-05-22 09:06:00	22	0	1	0
140	2013-05-22 09:06:00	22	0	1	0
150	2013-05-22 09:07:00	22	0	1	0
67	2013-05-22 09:10:00	22	0	1	0
142	2013-05-22 09:13:00	22	0	1	0
97	2013-05-22 09:14:00	22	0	1	0
107	2013-05-22 09:15:00	22	0	1	0
87	2013-05-22 09:18:00	22	0	1	0
138	2013-05-22 09:19:00	22	0	1	0
96	2013-05-22 09:21:00	22	0	1	0
141	2013-05-22 09:22:00	22	0	1	0
146	2013-05-22 09:22:00	22	0	1	0
99	2013-05-22 09:37:00	22	0	1	0
40	2013-05-22 09:40:00	22	0	1	0
55	2013-05-22 09:43:00	22	0	1	0
60	2013-05-22 09:50:00	22	0	1	0
41	2013-05-22 09:59:00	22	0	1	0
50	2013-05-22 10:31:00	22	0	1	0
68	2013-05-22 10:53:00	22	0	1	0
53	2013-05-22 10:53:00	22	0	1	0
105	2013-05-22 11:18:00	22	0	1	0
95	2013-05-22 11:40:00	22	0	1	0
30	2013-05-22 14:12:00	22	0	1	0
140	2013-05-22 14:14:00	22	0	1	0
41	2013-05-22 14:26:00	22	0	1	0
48	2013-05-22 14:37:00	22	0	1	0
159	2013-05-22 14:39:00	22	0	1	0
163	2013-05-22 14:39:00	22	0	1	0
40	2013-05-22 14:40:00	22	0	1	0
54	2013-05-22 14:40:00	22	0	1	0
97	2013-05-22 14:40:00	22	0	1	0
90	2013-05-22 14:40:00	22	0	1	0
125	2013-05-22 14:41:00	22	0	1	0
158	2013-05-22 14:42:00	22	0	1	0
132	2013-05-22 14:43:00	22	0	1	0
99	2013-05-22 14:43:00	22	0	1	0
170	2013-05-22 14:46:00	22	0	1	0
156	2013-05-22 14:46:00	22	0	1	0
152	2013-05-22 14:46:00	22	0	1	0
169	2013-05-22 14:46:00	22	0	1	0
154	2013-05-22 14:46:00	22	0	1	0
122	2013-05-22 14:48:00	22	0	1	0
167	2013-05-22 14:56:00	22	0	1	0
164	2013-05-22 14:57:00	22	0	1	0
86	2013-05-22 15:00:00	22	0	1	0
95	2013-05-22 15:02:00	22	0	1	0
113	2013-05-22 15:07:00	22	0	1	0
78	2013-05-22 15:08:00	22	0	1	0
93	2013-05-22 15:10:00	22	0	1	0
107	2013-05-22 15:12:00	22	0	1	0
13	2013-05-22 15:15:00	22	0	1	0
77	2013-05-22 15:21:00	22	0	1	0
160	2013-05-22 15:21:00	22	0	1	0
157	2013-05-22 15:35:00	22	0	1	0
165	2013-05-22 16:07:00	22	0	1	0
60	2013-05-22 16:10:00	22	0	1	0
20	2013-05-22 17:14:00	22	0	1	0
101	2013-05-22 17:14:00	22	0	1	0
74	2013-05-22 17:14:00	22	0	1	0
39	2013-05-22 17:15:00	22	0	1	0
112	2013-05-22 17:15:00	22	0	1	0
141	2013-05-22 17:15:00	22	0	1	0
153	2013-05-22 17:16:00	22	0	1	0
83	2013-05-22 17:16:00	22	0	1	0
50	2013-05-22 17:28:00	22	0	1	0
62	2013-05-22 17:45:00	22	0	1	0
67	2013-05-22 17:46:00	22	0	1	0
103	2013-05-22 17:49:00	22	0	1	0
1	2013-05-22 19:47:00	22	0	1	0
146	2013-05-22 19:53:00	22	0	1	0
55	2013-05-22 19:58:00	22	0	1	0
135	2013-05-22 20:18:00	22	0	1	0
137	2013-05-22 20:18:00	22	0	1	0
78	2013-05-23 07:08:00	22	0	1	0
159	2013-05-23 07:12:00	22	0	1	0
156	2013-05-23 07:17:00	22	0	1	0
118	2013-05-23 07:18:00	22	0	1	0
169	2013-05-23 07:26:00	22	0	1	0
137	2013-05-23 07:32:00	22	0	1	0
125	2013-05-23 07:50:00	22	0	1	0
157	2013-05-23 07:50:00	22	0	1	0
54	2013-05-23 07:50:00	22	0	1	0
39	2013-05-23 07:52:00	22	0	1	0
128	2013-05-23 07:52:00	22	0	1	0
108	2013-05-23 07:53:00	22	0	1	0
167	2013-05-23 07:53:00	22	0	1	0
74	2013-05-23 07:57:00	22	0	1	0
170	2013-05-23 07:57:00	22	0	1	0
113	2013-05-23 08:00:00	22	0	1	0
93	2013-05-23 08:02:00	22	0	1	0
152	2013-05-23 08:12:00	22	0	1	0
13	2013-05-23 08:19:00	22	0	1	0
86	2013-05-23 08:20:00	22	0	1	0
135	2013-05-23 08:21:00	22	0	1	0
112	2013-05-23 08:24:00	22	0	1	0
20	2013-05-23 08:24:00	22	0	1	0
46	2013-05-23 08:24:00	22	0	1	0
101	2013-05-23 08:24:00	22	0	1	0
63	2013-05-23 08:24:00	22	0	1	0
155	2013-05-23 08:25:00	22	0	1	0
5	2013-05-23 08:29:00	22	0	1	0
97	2013-05-23 08:31:00	22	0	1	0
166	2013-05-23 08:34:00	22	0	1	0
165	2013-05-23 08:40:00	22	0	1	0
141	2013-05-23 08:42:00	22	0	1	0
30	2013-05-23 08:45:00	22	0	1	0
87	2013-05-23 08:47:00	22	0	1	0
107	2013-05-23 08:56:00	22	0	1	0
115	2013-05-23 08:56:00	22	0	1	0
164	2013-05-23 08:57:00	22	0	1	0
158	2013-05-23 08:58:00	22	0	1	0
122	2013-05-23 08:58:00	22	0	1	0
150	2013-05-23 08:59:00	22	0	1	0
41	2013-05-23 09:01:00	22	0	1	0
62	2013-05-23 09:07:00	22	0	1	0
40	2013-05-23 09:10:00	22	0	1	0
99	2013-05-23 09:13:00	22	0	1	0
55	2013-05-23 09:15:00	22	0	1	0
48	2013-05-23 09:25:00	22	0	1	0
96	2013-05-23 09:32:00	22	0	1	0
129	2013-05-23 09:38:00	22	0	1	0
95	2013-05-23 09:38:00	22	0	1	0
143	2013-05-23 09:43:00	22	0	1	0
132	2013-05-23 09:44:00	22	0	1	0
138	2013-05-23 09:48:00	22	0	1	0
60	2013-05-23 09:51:00	22	0	1	0
50	2013-05-23 10:08:00	22	0	1	0
81	2013-05-23 10:20:00	22	0	1	0
53	2013-05-23 10:53:00	22	0	1	0
103	2013-05-23 11:07:00	22	0	1	0
105	2013-05-23 12:11:00	22	0	1	0
41	2013-05-23 14:13:00	22	0	1	0
70	2013-05-23 14:13:00	22	0	1	0
55	2013-05-23 14:14:00	22	0	1	0
115	2013-05-23 14:25:00	22	0	1	0
54	2013-05-23 14:25:00	22	0	1	0
40	2013-05-23 14:26:00	22	0	1	0
30	2013-05-23 14:26:00	22	0	1	0
122	2013-05-23 14:26:00	22	0	1	0
81	2013-05-23 14:27:00	22	0	1	0
48	2013-05-23 14:28:00	22	0	1	0
132	2013-05-23 14:35:00	22	0	1	0
125	2013-05-23 14:35:00	22	0	1	0
170	2013-05-23 14:42:00	22	0	1	0
156	2013-05-23 14:45:00	22	0	1	0
167	2013-05-23 14:45:00	22	0	1	0
159	2013-05-23 14:48:00	22	0	1	0
158	2013-05-23 14:48:00	22	0	1	0
93	2013-05-23 14:51:00	22	0	1	0
13	2013-05-23 14:53:00	22	0	1	0
99	2013-05-23 14:54:00	22	0	1	0
78	2013-05-23 14:54:00	22	0	1	0
5	2013-05-23 14:57:00	22	0	1	0
169	2013-05-23 14:57:00	22	0	1	0
164	2013-05-23 15:00:00	22	0	1	0
118	2013-05-23 15:01:00	22	0	1	0
160	2013-05-23 15:09:00	22	0	1	0
129	2013-05-23 15:09:00	22	0	1	0
90	2013-05-23 15:10:00	22	0	1	0
86	2013-05-23 15:10:00	22	0	1	0
97	2013-05-23 15:11:00	22	0	1	0
124	2013-05-23 15:16:00	22	0	1	0
162	2013-05-23 15:20:00	22	0	1	0
142	2013-05-23 15:25:00	22	0	1	0
157	2013-05-23 15:26:00	22	0	1	0
155	2013-05-23 15:27:00	22	0	1	0
141	2013-05-23 15:31:00	22	0	1	0
153	2013-05-23 15:31:00	22	0	1	0
138	2013-05-23 15:31:00	22	0	1	0
60	2013-05-23 15:50:00	22	0	1	0
165	2013-05-23 15:58:00	22	0	1	0
105	2013-05-23 15:59:00	22	0	1	0
101	2013-05-23 15:59:00	22	0	1	0
74	2013-05-23 16:00:00	22	0	1	0
39	2013-05-23 16:01:00	22	0	1	0
112	2013-05-23 16:01:00	22	0	1	0
107	2013-05-23 16:05:00	22	0	1	0
113	2013-05-23 16:16:00	22	0	1	0
62	2013-05-23 16:58:00	22	0	1	0
67	2013-05-23 16:58:00	22	0	1	0
137	2013-05-23 17:03:00	22	0	1	0
135	2013-05-23 17:03:00	22	0	1	0
146	2013-05-23 17:03:00	22	0	1	0
50	2013-05-23 17:10:00	22	0	1	0
95	2013-05-23 17:12:00	22	0	1	0
53	2013-05-23 17:18:00	22	0	1	0
83	2013-05-23 17:46:00	22	0	1	0
78	2013-05-24 06:56:00	22	0	1	0
159	2013-05-24 07:05:00	22	0	1	0
169	2013-05-24 07:17:00	22	0	1	0
137	2013-05-24 07:19:00	22	0	1	0
50	2013-05-24 07:20:00	22	0	1	0
170	2013-05-24 07:31:00	22	0	1	0
135	2013-05-24 07:36:00	22	0	1	0
39	2013-05-24 07:41:00	22	0	1	0
108	2013-05-24 07:42:00	22	0	1	0
86	2013-05-24 07:49:00	22	0	1	0
20	2013-05-24 07:50:00	22	0	1	0
101	2013-05-24 07:52:00	22	0	1	0
165	2013-05-24 07:52:00	22	0	1	0
150	2013-05-24 07:52:00	22	0	1	0
121	2013-05-24 07:54:00	22	0	1	0
167	2013-05-24 07:58:00	22	0	1	0
125	2013-05-24 08:04:00	22	0	1	0
54	2013-05-24 08:04:00	22	0	1	0
138	2013-05-24 08:04:00	22	0	1	0
46	2013-05-24 08:04:00	22	0	1	0
154	2013-05-24 08:04:00	22	0	1	0
118	2013-05-24 08:04:00	22	0	1	0
5	2013-05-24 08:31:00	22	0	1	0
113	2013-05-24 08:32:00	22	0	1	0
60	2013-05-24 08:40:00	22	0	1	0
41	2013-05-24 08:46:00	22	0	1	0
164	2013-05-24 09:00:00	22	0	1	0
97	2013-05-24 09:02:00	22	0	1	0
139	2013-05-24 09:03:00	22	0	1	0
30	2013-05-24 09:05:00	22	0	1	0
155	2013-05-24 09:05:00	22	0	1	0
157	2013-05-24 09:05:00	22	0	1	0
143	2013-05-24 09:06:00	22	0	1	0
166	2013-05-24 09:06:00	22	0	1	0
90	2013-05-24 09:08:00	22	0	1	0
163	2013-05-24 09:08:00	22	0	1	0
13	2013-05-24 09:10:00	22	0	1	0
140	2013-05-24 09:11:00	22	0	1	0
107	2013-05-24 09:16:00	22	0	1	0
122	2013-05-24 09:18:00	22	0	1	0
87	2013-05-24 09:18:00	22	0	1	0
96	2013-05-24 09:26:00	22	0	1	0
105	2013-05-24 09:34:00	22	0	1	0
160	2013-05-24 09:56:00	22	0	1	0
48	2013-05-24 10:01:00	22	0	1	0
93	2013-05-24 10:08:00	22	0	1	0
57	2013-05-24 10:48:00	22	0	1	0
53	2013-05-24 11:30:00	22	0	1	0
165	2013-05-24 13:00:00	22	0	1	0
103	2013-05-24 13:37:00	22	0	1	0
62	2013-05-24 13:45:00	22	0	1	0
87	2013-05-24 13:50:00	22	0	1	0
158	2013-05-24 13:56:00	22	0	1	0
95	2013-05-24 14:03:00	22	0	1	0
167	2013-05-24 14:05:00	22	0	1	0
50	2013-05-24 14:10:00	22	0	1	0
169	2013-05-24 14:13:00	22	0	1	0
170	2013-05-24 14:17:00	22	0	1	0
105	2013-05-24 14:23:00	22	0	1	0
160	2013-05-24 14:24:00	22	0	1	0
138	2013-05-24 14:25:00	22	0	1	0
142	2013-05-24 14:25:00	22	0	1	0
125	2013-05-24 14:29:00	22	0	1	0
143	2013-05-24 14:29:00	22	0	1	0
107	2013-05-24 14:29:00	22	0	1	0
118	2013-05-24 14:30:00	22	0	1	0
164	2013-05-24 14:30:00	22	0	1	0
40	2013-05-24 14:31:00	22	0	1	0
163	2013-05-24 14:31:00	22	0	1	0
124	2013-05-24 14:32:00	22	0	1	0
112	2013-05-24 14:33:00	22	0	1	0
159	2013-05-24 14:37:00	22	0	1	0
104	2013-05-24 14:48:00	22	0	1	0
93	2013-05-24 14:48:00	22	0	1	0
113	2013-05-24 14:55:00	22	0	1	0
156	2013-05-24 15:10:00	22	0	1	0
141	2013-05-24 15:20:00	22	0	1	0
153	2013-05-24 15:20:00	22	0	1	0
157	2013-05-24 15:21:00	22	0	1	0
155	2013-05-24 15:21:00	22	0	1	0
83	2013-05-24 15:22:00	22	0	1	0
108	2013-05-24 16:03:00	22	0	1	0
39	2013-05-24 16:05:00	22	0	1	0
101	2013-05-24 16:07:00	22	0	1	0
60	2013-05-24 16:10:00	22	0	1	0
74	2013-05-24 16:19:00	22	0	1	0
76	2013-05-24 17:08:00	22	0	1	0
135	2013-05-24 19:15:00	22	0	1	0
137	2013-05-24 19:15:00	22	0	1	0
57	2013-05-27 06:27:00	22	0	1	0
78	2013-05-27 06:34:00	22	0	1	0
152	2013-05-27 06:38:00	22	0	1	0
156	2013-05-27 06:54:00	22	0	1	0
96	2013-05-27 07:51:00	22	0	1	0
159	2013-05-27 07:52:00	22	0	1	0
121	2013-05-27 07:52:00	22	0	1	0
86	2013-05-27 07:53:00	22	0	1	0
165	2013-05-27 07:53:00	22	0	1	0
137	2013-05-27 07:54:00	22	0	1	0
112	2013-05-27 07:54:00	22	0	1	0
20	2013-05-27 07:54:00	22	0	1	0
101	2013-05-27 07:54:00	22	0	1	0
39	2013-05-27 07:55:00	22	0	1	0
107	2013-05-27 07:55:00	22	0	1	0
135	2013-05-27 07:55:00	22	0	1	0
23	2013-05-27 07:55:00	22	0	1	0
144	2013-05-27 07:55:00	22	0	1	0
83	2013-05-27 07:56:00	22	0	1	0
46	2013-05-27 07:56:00	22	0	1	0
54	2013-05-27 07:57:00	22	0	1	0
125	2013-05-27 07:57:00	22	0	1	0
108	2013-05-27 07:57:00	22	0	1	0
62	2013-05-27 07:57:00	22	0	1	0
150	2013-05-27 07:57:00	22	0	1	0
87	2013-05-27 07:58:00	22	0	1	0
122	2013-05-27 07:58:00	22	0	1	0
13	2013-05-27 07:58:00	22	0	1	0
164	2013-05-27 07:58:00	22	0	1	0
170	2013-05-27 07:58:00	22	0	1	0
169	2013-05-27 07:59:00	22	0	1	0
167	2013-05-27 07:59:00	22	0	1	0
163	2013-05-27 07:59:00	22	0	1	0
81	2013-05-27 08:00:00	22	0	1	0
128	2013-05-27 08:00:00	22	0	1	0
5	2013-05-27 08:01:00	22	0	1	0
138	2013-05-27 08:01:00	22	0	1	0
140	2013-05-27 08:01:00	22	0	1	0
1	2013-05-27 08:01:00	22	0	1	0
103	2013-05-27 08:06:00	22	0	1	0
146	2013-05-27 08:06:00	22	0	1	0
97	2013-05-27 08:06:00	22	0	1	0
129	2013-05-27 08:09:00	22	0	1	0
139	2013-05-27 08:13:00	22	0	1	0
99	2013-05-27 08:14:00	22	0	1	0
157	2013-05-27 08:16:00	22	0	1	0
166	2013-05-27 08:20:00	22	0	1	0
60	2013-05-27 08:23:00	22	0	1	0
67	2013-05-27 08:25:00	22	0	1	0
74	2013-05-27 08:25:00	22	0	1	0
115	2013-05-27 08:25:00	22	0	1	0
53	2013-05-27 08:30:00	22	0	1	0
158	2013-05-27 08:32:00	22	0	1	0
117	2013-05-27 08:35:00	22	0	1	0
143	2013-05-27 08:36:00	22	0	1	0
118	2013-05-27 08:45:00	22	0	1	0
93	2013-05-27 08:50:00	22	0	1	0
160	2013-05-27 08:59:00	22	0	1	0
90	2013-05-27 09:04:00	22	0	1	0
30	2013-05-27 09:09:00	22	0	1	0
141	2013-05-27 09:19:00	22	0	1	0
132	2013-05-27 09:19:00	22	0	1	0
142	2013-05-27 09:27:00	22	0	1	0
55	2013-05-27 09:35:00	22	0	1	0
77	2013-05-27 09:36:00	22	0	1	0
105	2013-05-27 09:50:00	22	0	1	0
40	2013-05-27 10:13:00	22	0	1	0
117	2013-05-27 10:23:00	22	0	1	0
164	2013-05-27 14:14:00	22	0	1	0
158	2013-05-27 14:42:00	22	0	1	0
132	2013-05-27 14:42:00	22	0	1	0
81	2013-05-27 14:43:00	22	0	1	0
40	2013-05-27 14:43:00	22	0	1	0
99	2013-05-27 14:44:00	22	0	1	0
167	2013-05-27 14:44:00	22	0	1	0
139	2013-05-27 14:44:00	22	0	1	0
125	2013-05-27 14:44:00	22	0	1	0
170	2013-05-27 14:45:00	22	0	1	0
169	2013-05-27 14:45:00	22	0	1	0
107	2013-05-27 14:47:00	22	0	1	0
5	2013-05-27 14:48:00	22	0	1	0
162	2013-05-27 14:48:00	22	0	1	0
159	2013-05-27 14:49:00	22	0	1	0
93	2013-05-27 14:50:00	22	0	1	0
77	2013-05-27 15:03:00	22	0	1	0
124	2013-05-27 15:04:00	22	0	1	0
156	2013-05-27 15:04:00	22	0	1	0
144	2013-05-27 15:04:00	22	0	1	0
141	2013-05-27 15:05:00	22	0	1	0
157	2013-05-27 15:07:00	22	0	1	0
29	2013-05-27 15:07:00	22	0	1	0
30	2013-05-27 15:08:00	22	0	1	0
23	2013-05-27 15:10:00	22	0	1	0
97	2013-05-27 15:10:00	22	0	1	0
86	2013-05-27 15:11:00	22	0	1	0
160	2013-05-27 15:15:00	22	0	1	0
138	2013-05-27 15:15:00	22	0	1	0
13	2013-05-27 15:16:00	22	0	1	0
95	2013-05-27 15:24:00	22	0	1	0
118	2013-05-27 15:49:00	22	0	1	0
165	2013-05-27 16:03:00	22	0	1	0
115	2013-05-27 16:52:00	22	0	1	0
1	2013-05-27 16:59:00	22	0	1	0
103	2013-05-27 16:59:00	22	0	1	0
20	2013-05-27 17:03:00	22	0	1	0
39	2013-05-27 17:04:00	22	0	1	0
101	2013-05-27 17:04:00	22	0	1	0
112	2013-05-27 17:06:00	22	0	1	0
74	2013-05-27 17:07:00	22	0	1	0
13	2013-05-27 17:09:00	22	0	1	0
153	2013-05-27 18:08:00	22	0	1	0
62	2013-05-27 18:09:00	22	0	1	0
67	2013-05-27 18:09:00	22	0	1	0
55	2013-05-27 19:05:00	22	0	1	0
135	2013-05-27 20:24:00	22	0	1	0
137	2013-05-27 20:25:00	22	0	1	0
121	2013-05-28 07:16:00	22	0	1	0
78	2013-05-28 07:30:00	22	0	1	0
156	2013-05-28 07:31:00	22	0	1	0
169	2013-05-28 07:45:00	22	0	1	0
125	2013-05-28 07:47:00	22	0	1	0
54	2013-05-28 07:47:00	22	0	1	0
143	2013-05-28 07:47:00	22	0	1	0
170	2013-05-28 07:53:00	22	0	1	0
86	2013-05-28 08:00:00	22	0	1	0
39	2013-05-28 08:04:00	22	0	1	0
108	2013-05-28 08:05:00	22	0	1	0
137	2013-05-28 08:06:00	22	0	1	0
56	2013-05-28 08:08:00	22	0	1	0
74	2013-05-28 08:08:00	22	0	1	0
139	2013-05-28 08:10:00	22	0	1	0
23	2013-05-28 08:14:00	22	0	1	0
157	2013-05-28 08:19:00	22	0	1	0
167	2013-05-28 08:20:00	22	0	1	0
101	2013-05-28 08:21:00	22	0	1	0
20	2013-05-28 08:21:00	22	0	1	0
112	2013-05-28 08:22:00	22	0	1	0
164	2013-05-28 08:22:00	22	0	1	0
165	2013-05-28 08:24:00	22	0	1	0
159	2013-05-28 08:28:00	22	0	1	0
97	2013-05-28 08:29:00	22	0	1	0
155	2013-05-28 08:29:00	22	0	1	0
142	2013-05-28 08:30:00	22	0	1	0
117	2013-05-28 08:30:00	22	0	1	0
152	2013-05-28 08:30:00	22	0	1	0
93	2013-05-28 08:31:00	22	0	1	0
160	2013-05-28 08:31:00	22	0	1	0
107	2013-05-28 08:34:00	22	0	1	0
115	2013-05-28 08:34:00	22	0	1	0
96	2013-05-28 08:35:00	22	0	1	0
135	2013-05-28 08:35:00	22	0	1	0
60	2013-05-28 08:37:00	22	0	1	0
99	2013-05-28 08:37:00	22	0	1	0
5	2013-05-28 08:41:00	22	0	1	0
41	2013-05-28 08:45:00	22	0	1	0
140	2013-05-28 08:47:00	22	0	1	0
146	2013-05-28 08:47:00	22	0	1	0
29	2013-05-28 08:48:00	22	0	1	0
30	2013-05-28 08:53:00	22	0	1	0
3	2013-05-28 08:53:00	22	0	1	0
141	2013-05-28 08:54:00	22	0	1	0
163	2013-05-28 08:56:00	22	0	1	0
158	2013-05-28 08:56:00	22	0	1	0
55	2013-05-28 08:57:00	22	0	1	0
129	2013-05-28 09:00:00	22	0	1	0
105	2013-05-28 09:01:00	22	0	1	0
166	2013-05-28 09:03:00	22	0	1	0
13	2013-05-28 09:07:00	22	0	1	0
138	2013-05-28 09:08:00	22	0	1	0
154	2013-05-28 09:09:00	22	0	1	0
122	2013-05-28 09:24:00	22	0	1	0
87	2013-05-28 09:25:00	22	0	1	0
1	2013-05-28 09:28:00	22	0	1	0
103	2013-05-28 09:29:00	22	0	1	0
95	2013-05-28 09:56:00	22	0	1	0
40	2013-05-28 10:03:00	22	0	1	0
81	2013-05-28 10:27:00	22	0	1	0
158	2013-05-28 14:36:00	22	0	1	0
132	2013-05-28 14:36:00	22	0	1	0
48	2013-05-28 14:37:00	22	0	1	0
99	2013-05-28 14:37:00	22	0	1	0
81	2013-05-28 14:39:00	22	0	1	0
163	2013-05-28 14:40:00	22	0	1	0
54	2013-05-28 14:40:00	22	0	1	0
40	2013-05-28 14:40:00	22	0	1	0
143	2013-05-28 14:41:00	22	0	1	0
97	2013-05-28 14:42:00	22	0	1	0
125	2013-05-28 14:44:00	22	0	1	0
170	2013-05-28 14:48:00	22	0	1	0
30	2013-05-28 14:48:00	22	0	1	0
156	2013-05-28 14:49:00	22	0	1	0
107	2013-05-28 14:50:00	22	0	1	0
139	2013-05-28 14:52:00	22	0	1	0
169	2013-05-28 14:52:00	22	0	1	0
159	2013-05-28 14:54:00	22	0	1	0
78	2013-05-28 14:55:00	22	0	1	0
140	2013-05-28 14:55:00	22	0	1	0
152	2013-05-28 14:57:00	22	0	1	0
93	2013-05-28 15:12:00	22	0	1	0
56	2013-05-28 15:17:00	22	0	1	0
41	2013-05-28 15:18:00	22	0	1	0
95	2013-05-28 15:19:00	22	0	1	0
167	2013-05-28 15:21:00	22	0	1	0
124	2013-05-28 15:21:00	22	0	1	0
165	2013-05-28 15:24:00	22	0	1	0
138	2013-05-28 15:25:00	22	0	1	0
129	2013-05-28 15:26:00	22	0	1	0
160	2013-05-28 15:30:00	22	0	1	0
5	2013-05-28 15:42:00	22	0	1	0
142	2013-05-28 15:43:00	22	0	1	0
103	2013-05-28 15:47:00	22	0	1	0
68	2013-05-28 15:51:00	22	0	1	0
70	2013-05-28 15:51:00	22	0	1	0
1	2013-05-28 15:54:00	22	0	1	0
46	2013-05-28 15:57:00	22	0	1	0
3	2013-05-28 15:57:00	22	0	1	0
86	2013-05-28 15:57:00	22	0	1	0
29	2013-05-28 15:59:00	22	0	1	0
23	2013-05-28 16:00:00	22	0	1	0
112	2013-05-28 16:33:00	22	0	1	0
74	2013-05-28 16:33:00	22	0	1	0
101	2013-05-28 16:35:00	22	0	1	0
39	2013-05-28 16:37:00	22	0	1	0
20	2013-05-28 16:37:00	22	0	1	0
60	2013-05-28 16:37:00	22	0	1	0
115	2013-05-28 16:43:00	22	0	1	0
83	2013-05-28 17:01:00	22	0	1	0
153	2013-05-28 17:04:00	22	0	1	0
155	2013-05-28 17:05:00	22	0	1	0
141	2013-05-28 17:05:00	22	0	1	0
117	2013-05-28 17:08:00	22	0	1	0
105	2013-05-28 17:15:00	22	0	1	0
53	2013-05-28 17:38:00	22	0	1	0
55	2013-05-28 19:13:00	22	0	1	0
146	2013-05-28 19:31:00	22	0	1	0
137	2013-05-28 20:13:00	22	0	1	0
135	2013-05-28 20:13:00	22	0	1	0
156	2013-05-29 06:55:00	22	0	1	0
121	2013-05-29 07:02:00	22	0	1	0
78	2013-05-29 07:26:00	22	0	1	0
169	2013-05-29 07:32:00	22	0	1	0
86	2013-05-29 07:39:00	22	0	1	0
125	2013-05-29 07:47:00	22	0	1	0
3	2013-05-29 07:51:00	22	0	1	0
170	2013-05-29 07:57:00	22	0	1	0
148	2013-05-29 07:59:00	22	0	1	0
157	2013-05-29 08:04:00	22	0	1	0
152	2013-05-29 08:07:00	22	0	1	0
93	2013-05-29 08:10:00	22	0	1	0
139	2013-05-29 08:11:00	22	0	1	0
56	2013-05-29 08:17:00	22	0	1	0
167	2013-05-29 08:19:00	22	0	1	0
46	2013-05-29 08:19:00	22	0	1	0
20	2013-05-29 08:19:00	22	0	1	0
54	2013-05-29 08:19:00	22	0	1	0
112	2013-05-29 08:21:00	22	0	1	0
23	2013-05-29 08:23:00	22	0	1	0
74	2013-05-29 08:27:00	22	0	1	0
5	2013-05-29 08:28:00	22	0	1	0
165	2013-05-29 08:28:00	22	0	1	0
97	2013-05-29 08:30:00	22	0	1	0
122	2013-05-29 08:30:00	22	0	1	0
39	2013-05-29 08:35:00	22	0	1	0
135	2013-05-29 08:35:00	22	0	1	0
108	2013-05-29 08:37:00	22	0	1	0
95	2013-05-29 08:37:00	22	0	1	0
159	2013-05-29 08:39:00	22	0	1	0
96	2013-05-29 08:41:00	22	0	1	0
13	2013-05-29 08:43:00	22	0	1	0
160	2013-05-29 08:43:00	22	0	1	0
83	2013-05-29 08:46:00	22	0	1	0
1	2013-05-29 08:50:00	22	0	1	0
103	2013-05-29 08:50:00	22	0	1	0
115	2013-05-29 08:58:00	22	0	1	0
107	2013-05-29 08:58:00	22	0	1	0
77	2013-05-29 09:00:00	22	0	1	0
30	2013-05-29 09:00:00	22	0	1	0
29	2013-05-29 09:01:00	22	0	1	0
138	2013-05-29 09:02:00	22	0	1	0
158	2013-05-29 09:09:00	22	0	1	0
117	2013-05-29 09:12:00	22	0	1	0
99	2013-05-29 09:18:00	22	0	1	0
67	2013-05-29 09:19:00	22	0	1	0
155	2013-05-29 09:19:00	22	0	1	0
101	2013-05-29 09:22:00	22	0	1	0
48	2013-05-29 09:26:00	22	0	1	0
150	2013-05-29 09:35:00	22	0	1	0
68	2013-05-29 09:37:00	22	0	1	0
142	2013-05-29 09:39:00	22	0	1	0
163	2013-05-29 09:41:00	22	0	1	0
50	2013-05-29 09:55:00	22	0	1	0
41	2013-05-29 09:58:00	22	0	1	0
55	2013-05-29 10:03:00	22	0	1	0
146	2013-05-29 10:03:00	22	0	1	0
40	2013-05-29 10:05:00	22	0	1	0
104	2013-05-29 12:14:00	22	0	1	0
53	2013-05-29 12:46:00	22	0	1	0
30	2013-05-29 14:40:00	22	0	1	0
48	2013-05-29 14:40:00	22	0	1	0
54	2013-05-29 14:41:00	22	0	1	0
125	2013-05-29 14:43:00	22	0	1	0
133	2013-05-29 14:43:00	22	0	1	0
40	2013-05-29 14:44:00	22	0	1	0
170	2013-05-29 14:46:00	22	0	1	0
163	2013-05-29 14:47:00	22	0	1	0
152	2013-05-29 14:48:00	22	0	1	0
57	2013-05-29 14:48:00	22	0	1	0
158	2013-05-29 14:48:00	22	0	1	0
157	2013-05-29 14:51:00	22	0	1	0
78	2013-05-29 14:52:00	22	0	1	0
139	2013-05-29 14:54:00	22	0	1	0
169	2013-05-29 14:54:00	22	0	1	0
77	2013-05-29 14:55:00	22	0	1	0
97	2013-05-29 15:02:00	22	0	1	0
55	2013-05-29 15:03:00	22	0	1	0
5	2013-05-29 15:04:00	22	0	1	0
108	2013-05-29 15:06:00	22	0	1	0
160	2013-05-29 15:07:00	22	0	1	0
93	2013-05-29 15:07:00	22	0	1	0
142	2013-05-29 15:07:00	22	0	1	0
41	2013-05-29 15:08:00	22	0	1	0
162	2013-05-29 15:08:00	22	0	1	0
159	2013-05-29 15:15:00	22	0	1	0
124	2013-05-29 15:17:00	22	0	1	0
86	2013-05-29 15:17:00	22	0	1	0
95	2013-05-29 15:18:00	22	0	1	0
56	2013-05-29 15:21:00	22	0	1	0
138	2013-05-29 15:23:00	22	0	1	0
99	2013-05-29 15:25:00	22	0	1	0
167	2013-05-29 15:25:00	22	0	1	0
68	2013-05-29 15:28:00	22	0	1	0
13	2013-05-29 15:32:00	22	0	1	0
155	2013-05-29 15:32:00	22	0	1	0
141	2013-05-29 15:33:00	22	0	1	0
67	2013-05-29 15:36:00	22	0	1	0
60	2013-05-29 16:10:00	22	0	1	0
156	2013-05-29 16:35:00	22	0	1	0
115	2013-05-29 16:51:00	22	0	1	0
107	2013-05-29 16:52:00	22	0	1	0
122	2013-05-29 17:01:00	22	0	1	0
23	2013-05-29 17:10:00	22	0	1	0
50	2013-05-29 17:12:00	22	0	1	0
29	2013-05-29 17:28:00	22	0	1	0
103	2013-05-29 17:38:00	22	0	1	0
1	2013-05-29 17:45:00	22	0	1	0
20	2013-05-29 17:48:00	22	0	1	0
39	2013-05-29 17:52:00	22	0	1	0
112	2013-05-29 17:52:00	22	0	1	0
83	2013-05-29 18:02:00	22	0	1	0
101	2013-05-29 18:09:00	22	0	1	0
104	2013-05-29 18:21:00	22	0	1	0
135	2013-05-29 19:23:00	22	0	1	0
146	2013-05-29 19:40:00	22	0	1	0
74	2013-05-29 19:56:00	22	0	1	0
159	2013-05-30 07:11:00	22	0	1	0
23	2013-05-30 07:21:00	22	0	1	0
78	2013-05-30 07:21:00	22	0	1	0
156	2013-05-30 07:22:00	22	0	1	0
169	2013-05-30 07:24:00	22	0	1	0
3	2013-05-30 07:32:00	22	0	1	0
121	2013-05-30 07:32:00	22	0	1	0
20	2013-05-30 07:42:00	22	0	1	0
101	2013-05-30 07:43:00	22	0	1	0
86	2013-05-30 07:51:00	22	0	1	0
157	2013-05-30 07:57:00	22	0	1	0
54	2013-05-30 07:58:00	22	0	1	0
125	2013-05-30 07:58:00	22	0	1	0
46	2013-05-30 08:02:00	22	0	1	0
112	2013-05-30 08:07:00	22	0	1	0
135	2013-05-30 08:09:00	22	0	1	0
39	2013-05-30 08:10:00	22	0	1	0
108	2013-05-30 08:12:00	22	0	1	0
167	2013-05-30 08:13:00	22	0	1	0
83	2013-05-30 08:13:00	22	0	1	0
128	2013-05-30 08:14:00	22	0	1	0
74	2013-05-30 08:15:00	22	0	1	0
93	2013-05-30 08:15:00	22	0	1	0
60	2013-05-30 08:15:00	22	0	1	0
152	2013-05-30 08:18:00	22	0	1	0
170	2013-05-30 08:18:00	22	0	1	0
62	2013-05-30 08:22:00	22	0	1	0
146	2013-05-30 08:25:00	22	0	1	0
138	2013-05-30 08:36:00	22	0	1	0
165	2013-05-30 08:39:00	22	0	1	0
95	2013-05-30 08:39:00	22	0	1	0
90	2013-05-30 08:42:00	22	0	1	0
96	2013-05-30 08:42:00	22	0	1	0
150	2013-05-30 08:46:00	22	0	1	0
5	2013-05-30 08:52:00	22	0	1	0
29	2013-05-30 08:52:00	22	0	1	0
97	2013-05-30 08:53:00	22	0	1	0
166	2013-05-30 08:53:00	22	0	1	0
164	2013-05-30 08:53:00	22	0	1	0
139	2013-05-30 08:54:00	22	0	1	0
158	2013-05-30 08:56:00	22	0	1	0
160	2013-05-30 08:56:00	22	0	1	0
13	2013-05-30 09:02:00	22	0	1	0
140	2013-05-30 09:02:00	22	0	1	0
30	2013-05-30 09:05:00	22	0	1	0
67	2013-05-30 09:20:00	22	0	1	0
55	2013-05-30 09:22:00	22	0	1	0
107	2013-05-30 09:26:00	22	0	1	0
41	2013-05-30 09:27:00	22	0	1	0
115	2013-05-30 09:28:00	22	0	1	0
117	2013-05-30 09:44:00	22	0	1	0
50	2013-05-30 10:17:00	22	0	1	0
1	2013-05-30 10:17:00	22	0	1	0
40	2013-05-30 10:33:00	22	0	1	0
143	2013-05-30 10:58:00	22	0	1	0
57	2013-05-30 14:05:00	22	0	1	0
54	2013-05-30 14:36:00	22	0	1	0
139	2013-05-30 14:37:00	22	0	1	0
132	2013-05-30 14:41:00	22	0	1	0
48	2013-05-30 14:41:00	22	0	1	0
40	2013-05-30 14:42:00	22	0	1	0
81	2013-05-30 14:43:00	22	0	1	0
163	2013-05-30 14:43:00	22	0	1	0
167	2013-05-30 14:49:00	22	0	1	0
164	2013-05-30 14:49:00	22	0	1	0
30	2013-05-30 14:50:00	22	0	1	0
125	2013-05-30 14:51:00	22	0	1	0
150	2013-05-30 14:52:00	22	0	1	0
124	2013-05-30 14:54:00	22	0	1	0
95	2013-05-30 14:56:00	22	0	1	0
152	2013-05-30 14:57:00	22	0	1	0
170	2013-05-30 15:01:00	22	0	1	0
97	2013-05-30 15:01:00	22	0	1	0
78	2013-05-30 15:02:00	22	0	1	0
159	2013-05-30 15:02:00	22	0	1	0
5	2013-05-30 15:05:00	22	0	1	0
129	2013-05-30 15:06:00	22	0	1	0
138	2013-05-30 15:14:00	22	0	1	0
157	2013-05-30 15:27:00	22	0	1	0
160	2013-05-30 15:29:00	22	0	1	0
93	2013-05-30 15:31:00	22	0	1	0
122	2013-05-30 15:35:00	22	0	1	0
67	2013-05-30 15:44:00	22	0	1	0
41	2013-05-30 16:06:00	22	0	1	0
29	2013-05-30 16:18:00	22	0	1	0
23	2013-05-30 16:30:00	22	0	1	0
107	2013-05-30 16:30:00	22	0	1	0
115	2013-05-30 16:34:00	22	0	1	0
104	2013-05-30 16:43:00	22	0	1	0
169	2013-05-30 16:49:00	22	0	1	0
50	2013-05-30 16:54:00	22	0	1	0
117	2013-05-30 17:03:00	22	0	1	0
33	2013-05-30 17:03:00	22	0	1	0
53	2013-05-30 17:04:00	22	0	1	0
165	2013-05-30 17:05:00	22	0	1	0
1	2013-05-30 17:10:00	22	0	1	0
60	2013-05-30 17:25:00	22	0	1	0
83	2013-05-30 17:31:00	22	0	1	0
156	2013-05-30 17:35:00	22	0	1	0
46	2013-05-30 17:41:00	22	0	1	0
103	2013-05-30 17:42:00	22	0	1	0
39	2013-05-30 17:44:00	22	0	1	0
101	2013-05-30 17:44:00	22	0	1	0
20	2013-05-30 17:48:00	22	0	1	0
112	2013-05-30 17:49:00	22	0	1	0
62	2013-05-30 18:00:00	22	0	1	0
153	2013-05-30 18:00:00	22	0	1	0
141	2013-05-30 18:00:00	22	0	1	0
13	2013-05-30 18:27:00	22	0	1	0
74	2013-05-30 18:30:00	22	0	1	0
135	2013-05-30 20:12:00	22	0	1	0
55	2013-05-30 20:18:00	22	0	1	0
146	2013-05-30 21:21:00	22	0	1	0
156	2013-05-31 07:19:00	22	0	1	0
78	2013-05-31 07:19:00	22	0	1	0
121	2013-05-31 07:23:00	22	0	1	0
3	2013-05-31 07:25:00	22	0	1	0
169	2013-05-31 07:26:00	22	0	1	0
95	2013-05-31 07:29:00	22	0	1	0
146	2013-05-31 07:44:00	22	0	1	0
157	2013-05-31 07:47:00	22	0	1	0
46	2013-05-31 07:53:00	22	0	1	0
117	2013-05-31 07:53:00	22	0	1	0
125	2013-05-31 07:53:00	22	0	1	0
128	2013-05-31 07:55:00	22	0	1	0
140	2013-05-31 07:56:00	22	0	1	0
23	2013-05-31 07:56:00	22	0	1	0
135	2013-05-31 08:04:00	22	0	1	0
20	2013-05-31 08:04:00	22	0	1	0
54	2013-05-31 08:04:00	22	0	1	0
112	2013-05-31 08:05:00	22	0	1	0
74	2013-05-31 08:11:00	22	0	1	0
93	2013-05-31 08:11:00	22	0	1	0
108	2013-05-31 08:14:00	22	0	1	0
39	2013-05-31 08:16:00	22	0	1	0
170	2013-05-31 08:18:00	22	0	1	0
30	2013-05-31 08:20:00	22	0	1	0
143	2013-05-31 08:23:00	22	0	1	0
138	2013-05-31 08:23:00	22	0	1	0
97	2013-05-31 08:27:00	22	0	1	0
150	2013-05-31 08:28:00	22	0	1	0
141	2013-05-31 08:29:00	22	0	1	0
5	2013-05-31 08:32:00	22	0	1	0
164	2013-05-31 08:39:00	22	0	1	0
41	2013-05-31 08:39:00	22	0	1	0
67	2013-05-31 08:39:00	22	0	1	0
13	2013-05-31 08:40:00	22	0	1	0
114	2013-05-31 08:40:00	22	0	1	0
144	2013-05-31 08:40:00	22	0	1	0
165	2013-05-31 08:40:00	22	0	1	0
87	2013-05-31 08:42:00	22	0	1	0
167	2013-05-31 08:42:00	22	0	1	0
96	2013-05-31 08:44:00	22	0	1	0
166	2013-05-31 08:47:00	22	0	1	0
122	2013-05-31 08:49:00	22	0	1	0
159	2013-05-31 08:51:00	22	0	1	0
129	2013-05-31 08:51:00	22	0	1	0
152	2013-05-31 08:54:00	22	0	1	0
60	2013-05-31 08:58:00	22	0	1	0
160	2013-05-31 09:01:00	22	0	1	0
101	2013-05-31 09:04:00	22	0	1	0
68	2013-05-31 09:08:00	22	0	1	0
99	2013-05-31 09:09:00	22	0	1	0
139	2013-05-31 09:15:00	22	0	1	0
137	2013-05-31 09:20:00	22	0	1	0
48	2013-05-31 09:20:00	22	0	1	0
155	2013-05-31 09:20:00	22	0	1	0
29	2013-05-31 09:25:00	22	0	1	0
50	2013-05-31 09:35:00	22	0	1	0
40	2013-05-31 09:36:00	22	0	1	0
62	2013-05-31 09:41:00	22	0	1	0
94	2013-05-31 10:49:00	22	0	1	0
53	2013-05-31 10:49:00	22	0	1	0
107	2013-05-31 10:58:00	22	0	1	0
105	2013-05-31 12:43:00	22	0	1	0
117	2013-05-31 13:58:00	22	0	1	0
104	2013-05-31 14:00:00	22	0	1	0
125	2013-05-31 14:17:00	22	0	1	0
54	2013-05-31 14:43:00	22	0	1	0
30	2013-05-31 14:45:00	22	0	1	0
40	2013-05-31 14:46:00	22	0	1	0
115	2013-05-31 14:47:00	22	0	1	0
170	2013-05-31 14:48:00	22	0	1	0
99	2013-05-31 14:49:00	22	0	1	0
78	2013-05-31 14:56:00	22	0	1	0
139	2013-05-31 14:56:00	22	0	1	0
167	2013-05-31 14:59:00	22	0	1	0
164	2013-05-31 15:00:00	22	0	1	0
93	2013-05-31 15:01:00	22	0	1	0
70	2013-05-31 15:01:00	22	0	1	0
95	2013-05-31 15:02:00	22	0	1	0
97	2013-05-31 15:36:00	22	0	1	0
50	2013-05-31 15:38:00	22	0	1	0
159	2013-05-31 15:39:00	22	0	1	0
107	2013-05-31 15:39:00	22	0	1	0
152	2013-05-31 15:39:00	22	0	1	0
124	2013-05-31 15:44:00	22	0	1	0
169	2013-05-31 15:48:00	22	0	1	0
132	2013-05-31 15:52:00	22	0	1	0
144	2013-05-31 16:07:00	22	0	1	0
158	2013-05-31 16:08:00	22	0	1	0
129	2013-05-31 16:09:00	22	0	1	0
5	2013-05-31 16:17:00	22	0	1	0
68	2013-05-31 16:20:00	22	0	1	0
160	2013-05-31 16:24:00	22	0	1	0
138	2013-05-31 16:25:00	22	0	1	0
29	2013-05-31 16:46:00	22	0	1	0
13	2013-05-31 16:47:00	22	0	1	0
165	2013-05-31 16:47:00	22	0	1	0
23	2013-05-31 17:06:00	22	0	1	0
122	2013-05-31 17:08:00	22	0	1	0
60	2013-05-31 17:39:00	22	0	1	0
86	2013-05-31 17:42:00	22	0	1	0
108	2013-05-31 18:18:00	22	0	1	0
137	2013-05-31 18:18:00	22	0	1	0
41	2013-05-31 18:34:00	22	0	1	0
39	2013-05-31 18:58:00	22	0	1	0
101	2013-05-31 18:58:00	22	0	1	0
112	2013-05-31 18:59:00	22	0	1	0
74	2013-05-31 19:00:00	22	0	1	0
20	2013-05-31 19:00:00	22	0	1	0
157	2013-05-31 19:22:00	22	0	1	0
153	2013-05-31 19:22:00	22	0	1	0
141	2013-05-31 19:22:00	22	0	1	0
62	2013-05-31 19:22:00	22	0	1	0
67	2013-05-31 19:22:00	22	0	1	0
95	2013-05-31 19:33:00	22	0	1	0
135	2013-05-31 19:38:00	22	0	1	0
146	2013-05-31 20:05:00	22	0	1	0
146	2013-06-01 13:54:00	22	0	1	0
137	2013-06-02 17:14:00	22	0	1	0
57	2013-06-03 06:28:00	22	0	1	0
78	2013-06-03 06:31:00	22	0	1	0
121	2013-06-03 06:33:00	22	0	1	0
152	2013-06-03 06:39:00	22	0	1	0
156	2013-06-03 07:02:00	22	0	1	0
53	2013-06-03 07:12:00	22	0	1	0
120	2013-06-03 07:34:00	22	0	1	0
40	2013-06-03 07:51:00	22	0	1	0
118	2013-06-03 07:52:00	22	0	1	0
86	2013-06-03 07:53:00	22	0	1	0
157	2013-06-03 07:53:00	22	0	1	0
159	2013-06-03 07:54:00	22	0	1	0
169	2013-06-03 07:54:00	22	0	1	0
138	2013-06-03 07:55:00	22	0	1	0
137	2013-06-03 07:55:00	22	0	1	0
101	2013-06-03 07:56:00	22	0	1	0
39	2013-06-03 07:56:00	22	0	1	0
135	2013-06-03 07:56:00	22	0	1	0
20	2013-06-03 07:57:00	22	0	1	0
60	2013-06-03 07:57:00	22	0	1	0
107	2013-06-03 07:57:00	22	0	1	0
112	2013-06-03 07:57:00	22	0	1	0
29	2013-06-03 07:57:00	22	0	1	0
129	2013-06-03 07:57:00	22	0	1	0
74	2013-06-03 07:57:00	22	0	1	0
108	2013-06-03 07:57:00	22	0	1	0
140	2013-06-03 07:57:00	22	0	1	0
3	2013-06-03 07:59:00	22	0	1	0
56	2013-06-03 08:01:00	22	0	1	0
165	2013-06-03 08:01:00	22	0	1	0
113	2013-06-03 08:02:00	22	0	1	0
125	2013-06-03 08:03:00	22	0	1	0
54	2013-06-03 08:03:00	22	0	1	0
41	2013-06-03 08:03:00	22	0	1	0
160	2013-06-03 08:04:00	22	0	1	0
81	2013-06-03 08:04:00	22	0	1	0
154	2013-06-03 08:05:00	22	0	1	0
77	2013-06-03 08:05:00	22	0	1	0
146	2013-06-03 08:05:00	22	0	1	0
139	2013-06-03 08:05:00	22	0	1	0
99	2013-06-03 08:06:00	22	0	1	0
87	2013-06-03 08:07:00	22	0	1	0
170	2013-06-03 08:08:00	22	0	1	0
46	2013-06-03 08:11:00	22	0	1	0
128	2013-06-03 08:13:00	22	0	1	0
97	2013-06-03 08:14:00	22	0	1	0
124	2013-06-03 08:17:00	22	0	1	0
23	2013-06-03 08:17:00	22	0	1	0
68	2013-06-03 08:18:00	22	0	1	0
95	2013-06-03 08:19:00	22	0	1	0
143	2013-06-03 08:22:00	22	0	1	0
144	2013-06-03 08:26:00	22	0	1	0
96	2013-06-03 08:27:00	22	0	1	0
167	2013-06-03 08:32:00	22	0	1	0
158	2013-06-03 08:33:00	22	0	1	0
122	2013-06-03 08:41:00	22	0	1	0
13	2013-06-03 08:41:00	22	0	1	0
141	2013-06-03 08:43:00	22	0	1	0
163	2013-06-03 08:44:00	22	0	1	0
83	2013-06-03 08:45:00	22	0	1	0
67	2013-06-03 08:46:00	22	0	1	0
93	2013-06-03 08:48:00	22	0	1	0
155	2013-06-03 08:48:00	22	0	1	0
164	2013-06-03 08:49:00	22	0	1	0
166	2013-06-03 08:52:00	22	0	1	0
142	2013-06-03 08:53:00	22	0	1	0
115	2013-06-03 08:55:00	22	0	1	0
133	2013-06-03 08:58:00	22	0	1	0
150	2013-06-03 08:58:00	22	0	1	0
30	2013-06-03 09:19:00	22	0	1	0
50	2013-06-03 09:30:00	22	0	1	0
103	2013-06-03 09:36:00	22	0	1	0
79	2013-06-03 12:19:00	22	0	1	0
104	2013-06-03 12:21:00	22	0	1	0
70	2013-06-03 14:08:00	22	0	1	0
162	2013-06-03 14:33:00	22	0	1	0
158	2013-06-03 14:43:00	22	0	1	0
54	2013-06-03 14:44:00	22	0	1	0
163	2013-06-03 14:44:00	22	0	1	0
40	2013-06-03 14:44:00	22	0	1	0
68	2013-06-03 14:44:00	22	0	1	0
81	2013-06-03 14:47:00	22	0	1	0
77	2013-06-03 14:47:00	22	0	1	0
115	2013-06-03 14:47:00	22	0	1	0
143	2013-06-03 14:48:00	22	0	1	0
125	2013-06-03 14:48:00	22	0	1	0
132	2013-06-03 14:48:00	22	0	1	0
167	2013-06-03 14:49:00	22	0	1	0
118	2013-06-03 14:49:00	22	0	1	0
152	2013-06-03 14:49:00	22	0	1	0
79	2013-06-03 14:55:00	22	0	1	0
50	2013-06-03 15:00:00	22	0	1	0
97	2013-06-03 15:01:00	22	0	1	0
129	2013-06-03 15:03:00	22	0	1	0
165	2013-06-03 15:05:00	22	0	1	0
99	2013-06-03 15:11:00	22	0	1	0
5	2013-06-03 15:12:00	22	0	1	0
53	2013-06-03 15:14:00	22	0	1	0
105	2013-06-03 15:17:00	22	0	1	0
170	2013-06-03 15:18:00	22	0	1	0
124	2013-06-03 15:41:00	22	0	1	0
159	2013-06-03 15:43:00	22	0	1	0
117	2013-06-03 15:43:00	22	0	1	0
107	2013-06-03 15:51:00	22	0	1	0
60	2013-06-03 15:54:00	22	0	1	0
30	2013-06-03 15:54:00	22	0	1	0
160	2013-06-03 15:59:00	22	0	1	0
138	2013-06-03 15:59:00	22	0	1	0
139	2013-06-03 16:00:00	22	0	1	0
113	2013-06-03 16:04:00	22	0	1	0
157	2013-06-03 16:20:00	22	0	1	0
23	2013-06-03 16:35:00	22	0	1	0
108	2013-06-03 16:38:00	22	0	1	0
67	2013-06-03 16:40:00	22	0	1	0
83	2013-06-03 17:02:00	22	0	1	0
41	2013-06-03 17:06:00	22	0	1	0
1	2013-06-03 17:11:00	22	0	1	0
169	2013-06-03 17:14:00	22	0	1	0
142	2013-06-03 17:16:00	22	0	1	0
156	2013-06-03 17:32:00	22	0	1	0
101	2013-06-03 17:34:00	22	0	1	0
144	2013-06-03 17:34:00	22	0	1	0
122	2013-06-03 17:36:00	22	0	1	0
39	2013-06-03 17:37:00	22	0	1	0
74	2013-06-03 17:37:00	22	0	1	0
112	2013-06-03 17:38:00	22	0	1	0
56	2013-06-03 17:56:00	22	0	1	0
46	2013-06-03 17:59:00	22	0	1	0
141	2013-06-03 18:12:00	22	0	1	0
62	2013-06-03 18:12:00	22	0	1	0
153	2013-06-03 18:13:00	22	0	1	0
146	2013-06-03 18:30:00	22	0	1	0
29	2013-06-03 18:48:00	22	0	1	0
77	2013-06-03 18:49:00	22	0	1	0
95	2013-06-03 18:49:00	22	0	1	0
137	2013-06-03 19:26:00	22	0	1	0
135	2013-06-03 20:13:00	22	0	1	0
120	2013-06-03 20:37:00	22	0	1	0
169	2013-06-04 06:22:00	22	0	1	0
156	2013-06-04 07:04:00	22	0	1	0
137	2013-06-04 07:15:00	22	0	1	0
152	2013-06-04 07:18:00	22	0	1	0
78	2013-06-04 07:18:00	22	0	1	0
121	2013-06-04 07:22:00	22	0	1	0
56	2013-06-04 07:28:00	22	0	1	0
3	2013-06-04 07:28:00	22	0	1	0
142	2013-06-04 07:33:00	22	0	1	0
39	2013-06-04 07:35:00	22	0	1	0
135	2013-06-04 07:37:00	22	0	1	0
108	2013-06-04 07:38:00	22	0	1	0
107	2013-06-04 07:41:00	22	0	1	0
167	2013-06-04 07:44:00	22	0	1	0
154	2013-06-04 07:45:00	22	0	1	0
46	2013-06-04 07:45:00	22	0	1	0
125	2013-06-04 07:45:00	22	0	1	0
74	2013-06-04 07:46:00	22	0	1	0
128	2013-06-04 07:49:00	22	0	1	0
55	2013-06-04 07:50:00	22	0	1	0
114	2013-06-04 07:57:00	22	0	1	0
118	2013-06-04 08:03:00	22	0	1	0
23	2013-06-04 08:06:00	22	0	1	0
141	2013-06-04 08:06:00	22	0	1	0
20	2013-06-04 08:08:00	22	0	1	0
157	2013-06-04 08:08:00	22	0	1	0
54	2013-06-04 08:08:00	22	0	1	0
101	2013-06-04 08:08:00	22	0	1	0
117	2013-06-04 08:08:00	22	0	1	0
112	2013-06-04 08:09:00	22	0	1	0
144	2013-06-04 08:10:00	22	0	1	0
5	2013-06-04 08:11:00	22	0	1	0
120	2013-06-04 08:13:00	22	0	1	0
170	2013-06-04 08:14:00	22	0	1	0
29	2013-06-04 08:18:00	22	0	1	0
62	2013-06-04 08:20:00	22	0	1	0
41	2013-06-04 08:21:00	22	0	1	0
115	2013-06-04 08:21:00	22	0	1	0
103	2013-06-04 08:24:00	22	0	1	0
60	2013-06-04 08:26:00	22	0	1	0
159	2013-06-04 08:27:00	22	0	1	0
138	2013-06-04 08:29:00	22	0	1	0
163	2013-06-04 08:31:00	22	0	1	0
87	2013-06-04 08:32:00	22	0	1	0
143	2013-06-04 08:33:00	22	0	1	0
105	2013-06-04 08:39:00	22	0	1	0
97	2013-06-04 08:40:00	22	0	1	0
155	2013-06-04 08:42:00	22	0	1	0
164	2013-06-04 08:43:00	22	0	1	0
165	2013-06-04 08:45:00	22	0	1	0
95	2013-06-04 08:46:00	22	0	1	0
160	2013-06-04 08:49:00	22	0	1	0
166	2013-06-04 08:50:00	22	0	1	0
139	2013-06-04 08:55:00	22	0	1	0
129	2013-06-04 08:56:00	22	0	1	0
146	2013-06-04 08:56:00	22	0	1	0
99	2013-06-04 08:56:00	22	0	1	0
67	2013-06-04 09:02:00	22	0	1	0
150	2013-06-04 09:02:00	22	0	1	0
30	2013-06-04 09:06:00	22	0	1	0
158	2013-06-04 09:07:00	22	0	1	0
76	2013-06-04 09:08:00	22	0	1	0
96	2013-06-04 09:11:00	22	0	1	0
40	2013-06-04 09:16:00	22	0	1	0
50	2013-06-04 09:20:00	22	0	1	0
81	2013-06-04 11:26:00	22	0	1	0
104	2013-06-04 12:10:00	22	0	1	0
79	2013-06-04 12:12:00	22	0	1	0
77	2013-06-04 13:56:00	22	0	1	0
87	2013-06-04 14:18:00	22	0	1	0
70	2013-06-04 14:25:00	22	0	1	0
55	2013-06-04 14:32:00	22	0	1	0
76	2013-06-04 14:36:00	22	0	1	0
167	2013-06-04 14:43:00	22	0	1	0
54	2013-06-04 14:44:00	22	0	1	0
132	2013-06-04 14:44:00	22	0	1	0
79	2013-06-04 14:46:00	22	0	1	0
99	2013-06-04 14:49:00	22	0	1	0
78	2013-06-04 14:49:00	22	0	1	0
164	2013-06-04 14:49:00	22	0	1	0
115	2013-06-04 14:51:00	22	0	1	0
40	2013-06-04 14:51:00	22	0	1	0
125	2013-06-04 14:52:00	22	0	1	0
163	2013-06-04 14:52:00	22	0	1	0
107	2013-06-04 14:53:00	22	0	1	0
81	2013-06-04 14:53:00	22	0	1	0
143	2013-06-04 14:53:00	22	0	1	0
170	2013-06-04 14:59:00	22	0	1	0
158	2013-06-04 15:02:00	22	0	1	0
154	2013-06-04 15:05:00	22	0	1	0
30	2013-06-04 15:12:00	22	0	1	0
57	2013-06-04 15:14:00	22	0	1	0
97	2013-06-04 15:15:00	22	0	1	0
152	2013-06-04 15:15:00	22	0	1	0
140	2013-06-04 15:18:00	22	0	1	0
93	2013-06-04 15:20:00	22	0	1	0
165	2013-06-04 15:22:00	22	0	1	0
118	2013-06-04 15:29:00	22	0	1	0
124	2013-06-04 15:30:00	22	0	1	0
5	2013-06-04 15:36:00	22	0	1	0
50	2013-06-04 15:44:00	22	0	1	0
117	2013-06-04 15:52:00	22	0	1	0
83	2013-06-04 15:59:00	22	0	1	0
29	2013-06-04 16:18:00	22	0	1	0
139	2013-06-04 16:26:00	22	0	1	0
99	2013-06-04 16:29:00	22	0	1	0
159	2013-06-04 16:29:00	22	0	1	0
67	2013-06-04 16:32:00	22	0	1	0
68	2013-06-04 16:33:00	22	0	1	0
95	2013-06-04 16:35:00	22	0	1	0
41	2013-06-04 16:36:00	22	0	1	0
138	2013-06-04 16:44:00	22	0	1	0
108	2013-06-04 16:47:00	22	0	1	0
1	2013-06-04 17:00:00	22	0	1	0
144	2013-06-04 17:03:00	22	0	1	0
157	2013-06-04 17:20:00	22	0	1	0
13	2013-06-04 17:23:00	22	0	1	0
60	2013-06-04 17:28:00	22	0	1	0
56	2013-06-04 17:39:00	22	0	1	0
39	2013-06-04 17:43:00	22	0	1	0
20	2013-06-04 17:48:00	22	0	1	0
74	2013-06-04 17:49:00	22	0	1	0
112	2013-06-04 17:51:00	22	0	1	0
23	2013-06-04 17:52:00	22	0	1	0
101	2013-06-04 17:55:00	22	0	1	0
141	2013-06-04 18:21:00	22	0	1	0
153	2013-06-04 18:21:00	22	0	1	0
62	2013-06-04 18:21:00	22	0	1	0
155	2013-06-04 18:22:00	22	0	1	0
120	2013-06-04 18:39:00	22	0	1	0
135	2013-06-04 18:55:00	22	0	1	0
137	2013-06-04 18:56:00	22	0	1	0
146	2013-06-04 19:08:00	22	0	1	0
120	2013-06-05 06:11:00	22	0	1	0
78	2013-06-05 07:01:00	22	0	1	0
169	2013-06-05 07:05:00	22	0	1	0
156	2013-06-05 07:19:00	22	0	1	0
152	2013-06-05 07:19:00	22	0	1	0
137	2013-06-05 07:20:00	22	0	1	0
23	2013-06-05 07:20:00	22	0	1	0
121	2013-06-05 07:26:00	22	0	1	0
167	2013-06-05 07:29:00	22	0	1	0
39	2013-06-05 07:31:00	22	0	1	0
101	2013-06-05 07:34:00	22	0	1	0
20	2013-06-05 07:34:00	22	0	1	0
112	2013-06-05 07:34:00	22	0	1	0
148	2013-06-05 07:36:00	22	0	1	0
74	2013-06-05 07:40:00	22	0	1	0
118	2013-06-05 07:40:00	22	0	1	0
60	2013-06-05 07:44:00	22	0	1	0
86	2013-06-05 07:52:00	22	0	1	0
125	2013-06-05 07:53:00	22	0	1	0
54	2013-06-05 07:54:00	22	0	1	0
41	2013-06-05 07:54:00	22	0	1	0
13	2013-06-05 07:56:00	22	0	1	0
56	2013-06-05 07:58:00	22	0	1	0
135	2013-06-05 08:01:00	22	0	1	0
154	2013-06-05 08:02:00	22	0	1	0
170	2013-06-05 08:06:00	22	0	1	0
159	2013-06-05 08:07:00	22	0	1	0
67	2013-06-05 08:11:00	22	0	1	0
141	2013-06-05 08:12:00	22	0	1	0
168	2013-06-05 08:15:00	22	0	1	0
157	2013-06-05 08:20:00	22	0	1	0
113	2013-06-05 08:20:00	22	0	1	0
5	2013-06-05 08:23:00	22	0	1	0
160	2013-06-05 08:27:00	22	0	1	0
29	2013-06-05 08:28:00	22	0	1	0
93	2013-06-05 08:31:00	22	0	1	0
146	2013-06-05 08:32:00	22	0	1	0
165	2013-06-05 08:33:00	22	0	1	0
97	2013-06-05 08:33:00	22	0	1	0
114	2013-06-05 08:34:00	22	0	1	0
77	2013-06-05 08:37:00	22	0	1	0
138	2013-06-05 08:37:00	22	0	1	0
107	2013-06-05 08:38:00	22	0	1	0
115	2013-06-05 08:38:00	22	0	1	0
95	2013-06-05 08:49:00	22	0	1	0
55	2013-06-05 08:49:00	22	0	1	0
62	2013-06-05 08:49:00	22	0	1	0
164	2013-06-05 08:52:00	22	0	1	0
1	2013-06-05 08:55:00	22	0	1	0
76	2013-06-05 08:56:00	22	0	1	0
103	2013-06-05 08:59:00	22	0	1	0
140	2013-06-05 09:00:00	22	0	1	0
96	2013-06-05 09:01:00	22	0	1	0
30	2013-06-05 09:01:00	22	0	1	0
150	2013-06-05 09:08:00	22	0	1	0
144	2013-06-05 09:08:00	22	0	1	0
117	2013-06-05 09:13:00	22	0	1	0
155	2013-06-05 09:20:00	22	0	1	0
68	2013-06-05 09:20:00	22	0	1	0
163	2013-06-05 09:24:00	22	0	1	0
40	2013-06-05 09:32:00	22	0	1	0
142	2013-06-05 09:36:00	22	0	1	0
90	2013-06-05 09:37:00	22	0	1	0
143	2013-06-05 09:40:00	22	0	1	0
122	2013-06-05 09:48:00	22	0	1	0
108	2013-06-05 10:19:00	22	0	1	0
105	2013-06-05 10:41:00	22	0	1	0
50	2013-06-05 10:45:00	22	0	1	0
150	2013-06-05 14:33:00	22	0	1	0
54	2013-06-05 14:38:00	22	0	1	0
125	2013-06-05 14:42:00	22	0	1	0
132	2013-06-05 14:42:00	22	0	1	0
40	2013-06-05 14:44:00	22	0	1	0
168	2013-06-05 14:45:00	22	0	1	0
48	2013-06-05 14:47:00	22	0	1	0
81	2013-06-05 14:47:00	22	0	1	0
76	2013-06-05 14:48:00	22	0	1	0
57	2013-06-05 14:49:00	22	0	1	0
170	2013-06-05 14:49:00	22	0	1	0
167	2013-06-05 14:54:00	22	0	1	0
164	2013-06-05 14:54:00	22	0	1	0
77	2013-06-05 14:54:00	22	0	1	0
78	2013-06-05 14:55:00	22	0	1	0
30	2013-06-05 15:22:00	22	0	1	0
113	2013-06-05 15:25:00	22	0	1	0
124	2013-06-05 15:27:00	22	0	1	0
93	2013-06-05 15:27:00	22	0	1	0
137	2013-06-05 15:32:00	22	0	1	0
157	2013-06-05 15:40:00	22	0	1	0
97	2013-06-05 15:53:00	22	0	1	0
105	2013-06-05 15:57:00	22	0	1	0
83	2013-06-05 16:02:00	22	0	1	0
118	2013-06-05 16:06:00	22	0	1	0
160	2013-06-05 16:09:00	22	0	1	0
67	2013-06-05 16:15:00	22	0	1	0
53	2013-06-05 16:16:00	22	0	1	0
140	2013-06-05 16:22:00	22	0	1	0
169	2013-06-05 16:25:00	22	0	1	0
107	2013-06-05 16:29:00	22	0	1	0
163	2013-06-05 16:31:00	22	0	1	0
138	2013-06-05 16:33:00	22	0	1	0
143	2013-06-05 16:46:00	22	0	1	0
33	2013-06-05 16:47:00	22	0	1	0
117	2013-06-05 16:47:00	22	0	1	0
50	2013-06-05 16:47:00	22	0	1	0
108	2013-06-05 16:47:00	22	0	1	0
95	2013-06-05 16:47:00	22	0	1	0
144	2013-06-05 16:52:00	22	0	1	0
41	2013-06-05 16:56:00	22	0	1	0
156	2013-06-05 17:28:00	22	0	1	0
115	2013-06-05 17:29:00	22	0	1	0
70	2013-06-05 17:36:00	22	0	1	0
159	2013-06-05 17:42:00	22	0	1	0
103	2013-06-05 17:42:00	22	0	1	0
56	2013-06-05 17:53:00	22	0	1	0
141	2013-06-05 17:54:00	22	0	1	0
20	2013-06-05 17:54:00	22	0	1	0
153	2013-06-05 17:54:00	22	0	1	0
155	2013-06-05 17:54:00	22	0	1	0
62	2013-06-05 17:55:00	22	0	1	0
23	2013-06-05 18:02:00	22	0	1	0
39	2013-06-05 18:16:00	22	0	1	0
60	2013-06-05 18:16:00	22	0	1	0
112	2013-06-05 18:22:00	22	0	1	0
74	2013-06-05 18:22:00	22	0	1	0
101	2013-06-05 18:22:00	22	0	1	0
29	2013-06-05 18:24:00	22	0	1	0
55	2013-06-05 18:24:00	22	0	1	0
135	2013-06-05 18:30:00	22	0	1	0
120	2013-06-05 18:47:00	22	0	1	0
146	2013-06-05 18:50:00	22	0	1	0
137	2013-06-06 10:20:00	22	0	1	0
137	2013-06-06 16:21:00	22	0	1	0
120	2013-06-07 06:16:00	22	0	1	0
156	2013-06-07 06:37:00	22	0	1	0
99	2013-06-07 07:00:00	22	0	1	0
78	2013-06-07 07:00:00	22	0	1	0
169	2013-06-07 07:00:00	22	0	1	0
41	2013-06-07 07:08:00	22	0	1	0
3	2013-06-07 07:12:00	22	0	1	0
135	2013-06-07 07:18:00	22	0	1	0
159	2013-06-07 07:30:00	22	0	1	0
144	2013-06-07 07:30:00	22	0	1	0
39	2013-06-07 07:36:00	22	0	1	0
20	2013-06-07 07:36:00	22	0	1	0
101	2013-06-07 07:36:00	22	0	1	0
112	2013-06-07 07:37:00	22	0	1	0
152	2013-06-07 07:41:00	22	0	1	0
168	2013-06-07 07:44:00	22	0	1	0
118	2013-06-07 07:45:00	22	0	1	0
46	2013-06-07 08:15:00	22	0	1	0
29	2013-06-07 08:25:00	22	0	1	0
117	2013-06-07 08:27:00	22	0	1	0
150	2013-06-07 08:35:00	22	0	1	0
146	2013-06-07 08:36:00	22	0	1	0
13	2013-06-07 08:38:00	22	0	1	0
165	2013-06-07 08:38:00	22	0	1	0
113	2013-06-07 08:38:00	22	0	1	0
55	2013-06-07 08:40:00	22	0	1	0
157	2013-06-07 08:40:00	22	0	1	0
86	2013-06-07 08:41:00	22	0	1	0
155	2013-06-07 08:41:00	22	0	1	0
142	2013-06-07 08:41:00	22	0	1	0
170	2013-06-07 08:42:00	22	0	1	0
140	2013-06-07 08:42:00	22	0	1	0
167	2013-06-07 08:44:00	22	0	1	0
97	2013-06-07 08:47:00	22	0	1	0
138	2013-06-07 08:47:00	22	0	1	0
62	2013-06-07 08:49:00	22	0	1	0
96	2013-06-07 08:56:00	22	0	1	0
139	2013-06-07 08:58:00	22	0	1	0
166	2013-06-07 08:58:00	22	0	1	0
160	2013-06-07 08:58:00	22	0	1	0
48	2013-06-07 08:59:00	22	0	1	0
122	2013-06-07 09:02:00	22	0	1	0
95	2013-06-07 09:24:00	22	0	1	0
30	2013-06-07 09:26:00	22	0	1	0
93	2013-06-07 09:33:00	22	0	1	0
89	2013-06-07 09:33:00	22	0	1	0
40	2013-06-07 09:43:00	22	0	1	0
77	2013-06-07 09:54:00	22	0	1	0
50	2013-06-07 10:06:00	22	0	1	0
57	2013-06-07 11:50:00	22	0	1	0
89	2013-06-07 11:54:00	22	0	1	0
104	2013-06-07 11:55:00	22	0	1	0
141	2013-06-07 12:04:00	22	0	1	0
105	2013-06-07 12:23:00	22	0	1	0
20	2013-06-07 13:45:00	22	0	1	0
168	2013-06-07 14:21:00	22	0	1	0
81	2013-06-07 14:30:00	22	0	1	0
40	2013-06-07 14:30:00	22	0	1	0
93	2013-06-07 14:50:00	22	0	1	0
99	2013-06-07 15:00:00	22	0	1	0
140	2013-06-07 15:03:00	22	0	1	0
77	2013-06-07 15:05:00	22	0	1	0
167	2013-06-07 15:10:00	22	0	1	0
165	2013-06-07 15:16:00	22	0	1	0
30	2013-06-07 15:22:00	22	0	1	0
142	2013-06-07 15:23:00	22	0	1	0
160	2013-06-07 15:25:00	22	0	1	0
157	2013-06-07 15:25:00	22	0	1	0
138	2013-06-07 15:26:00	22	0	1	0
97	2013-06-07 15:31:00	22	0	1	0
68	2013-06-07 15:35:00	22	0	1	0
105	2013-06-07 15:41:00	22	0	1	0
156	2013-06-07 16:00:00	22	0	1	0
129	2013-06-07 16:15:00	22	0	1	0
143	2013-06-07 16:19:00	22	0	1	0
95	2013-06-07 16:23:00	22	0	1	0
122	2013-06-07 16:24:00	22	0	1	0
50	2013-06-07 16:30:00	22	0	1	0
113	2013-06-07 16:31:00	22	0	1	0
67	2013-06-07 16:38:00	22	0	1	0
118	2013-06-07 16:57:00	22	0	1	0
78	2013-06-07 17:06:00	22	0	1	0
169	2013-06-07 17:15:00	22	0	1	0
124	2013-06-07 17:29:00	22	0	1	0
117	2013-06-07 17:29:00	22	0	1	0
141	2013-06-07 17:32:00	22	0	1	0
153	2013-06-07 17:32:00	22	0	1	0
62	2013-06-07 17:32:00	22	0	1	0
46	2013-06-07 17:45:00	22	0	1	0
86	2013-06-07 17:45:00	22	0	1	0
144	2013-06-07 17:46:00	22	0	1	0
29	2013-06-07 17:55:00	22	0	1	0
3	2013-06-07 17:55:00	22	0	1	0
108	2013-06-07 18:02:00	22	0	1	0
104	2013-06-07 18:04:00	22	0	1	0
60	2013-06-07 18:08:00	22	0	1	0
39	2013-06-07 18:20:00	22	0	1	0
101	2013-06-07 18:20:00	22	0	1	0
74	2013-06-07 18:21:00	22	0	1	0
155	2013-06-07 18:27:00	22	0	1	0
159	2013-06-07 18:41:00	22	0	1	0
139	2013-06-07 19:17:00	22	0	1	0
146	2013-06-07 19:21:00	22	0	1	0
120	2013-06-07 19:21:00	22	0	1	0
137	2013-06-07 19:22:00	22	0	1	0
135	2013-06-07 19:22:00	22	0	1	0
55	2013-06-07 19:24:00	22	0	1	0
120	2013-06-10 06:07:00	22	0	1	0
156	2013-06-10 06:29:00	22	0	1	0
78	2013-06-10 06:33:00	22	0	1	0
99	2013-06-10 06:34:00	22	0	1	0
57	2013-06-10 06:41:00	22	0	1	0
53	2013-06-10 06:53:00	22	0	1	0
140	2013-06-10 07:03:00	22	0	1	0
121	2013-06-10 07:14:00	22	0	1	0
159	2013-06-10 07:50:00	22	0	1	0
96	2013-06-10 07:50:00	22	0	1	0
135	2013-06-10 07:52:00	22	0	1	0
54	2013-06-10 07:52:00	22	0	1	0
62	2013-06-10 07:52:00	22	0	1	0
137	2013-06-10 07:53:00	22	0	1	0
41	2013-06-10 07:53:00	22	0	1	0
157	2013-06-10 07:53:00	22	0	1	0
108	2013-06-10 07:54:00	22	0	1	0
168	2013-06-10 07:54:00	22	0	1	0
170	2013-06-10 07:54:00	22	0	1	0
74	2013-06-10 07:55:00	22	0	1	0
112	2013-06-10 07:55:00	22	0	1	0
93	2013-06-10 07:55:00	22	0	1	0
152	2013-06-10 07:57:00	22	0	1	0
167	2013-06-10 07:58:00	22	0	1	0
169	2013-06-10 07:59:00	22	0	1	0
87	2013-06-10 07:59:00	22	0	1	0
56	2013-06-10 08:06:00	22	0	1	0
95	2013-06-10 08:08:00	22	0	1	0
146	2013-06-10 08:12:00	22	0	1	0
138	2013-06-10 08:16:00	22	0	1	0
163	2013-06-10 08:19:00	22	0	1	0
165	2013-06-10 08:22:00	22	0	1	0
118	2013-06-10 08:22:00	22	0	1	0
143	2013-06-10 08:27:00	22	0	1	0
164	2013-06-10 08:28:00	22	0	1	0
160	2013-06-10 08:31:00	22	0	1	0
142	2013-06-10 08:41:00	22	0	1	0
117	2013-06-10 08:46:00	22	0	1	0
122	2013-06-10 08:48:00	22	0	1	0
68	2013-06-10 08:52:00	22	0	1	0
108	2013-06-10 09:23:00	22	0	1	0
90	2013-06-10 09:24:00	22	0	1	0
30	2013-06-10 09:47:00	22	0	1	0
81	2013-06-10 09:52:00	22	0	1	0
129	2013-06-10 10:46:00	22	0	1	0
134	2013-06-10 10:46:00	22	0	1	0
48	2013-06-10 10:57:00	22	0	1	0
40	2013-06-10 11:43:00	22	0	1	0
163	2013-06-10 12:04:00	22	0	1	0
50	2013-06-10 12:08:00	22	0	1	0
143	2013-06-10 12:39:00	22	0	1	0
117	2013-06-10 12:39:00	22	0	1	0
134	2013-06-10 13:50:00	22	0	1	0
164	2013-06-10 14:22:00	22	0	1	0
118	2013-06-10 14:26:00	22	0	1	0
132	2013-06-10 14:36:00	22	0	1	0
81	2013-06-10 14:37:00	22	0	1	0
30	2013-06-10 14:41:00	22	0	1	0
169	2013-06-10 14:45:00	22	0	1	0
167	2013-06-10 14:55:00	22	0	1	0
77	2013-06-10 14:55:00	22	0	1	0
56	2013-06-10 14:56:00	22	0	1	0
152	2013-06-10 14:59:00	22	0	1	0
165	2013-06-10 15:04:00	22	0	1	0
142	2013-06-10 15:09:00	22	0	1	0
160	2013-06-10 15:10:00	22	0	1	0
138	2013-06-10 15:10:00	22	0	1	0
62	2013-06-10 15:10:00	22	0	1	0
153	2013-06-10 15:11:00	22	0	1	0
170	2013-06-10 15:12:00	22	0	1	0
93	2013-06-10 15:13:00	22	0	1	0
120	2013-06-10 15:14:00	22	0	1	0
140	2013-06-10 15:20:00	22	0	1	0
122	2013-06-10 15:20:00	22	0	1	0
108	2013-06-10 15:31:00	22	0	1	0
159	2013-06-10 15:39:00	22	0	1	0
41	2013-06-10 15:41:00	22	0	1	0
105	2013-06-10 15:58:00	22	0	1	0
115	2013-06-10 16:07:00	22	0	1	0
137	2013-06-10 16:27:00	22	0	1	0
135	2013-06-10 16:27:00	22	0	1	0
112	2013-06-10 16:48:00	22	0	1	0
74	2013-06-10 16:49:00	22	0	1	0
156	2013-06-10 17:08:00	22	0	1	0
146	2013-06-10 17:44:00	22	0	1	0
50	2013-06-10 18:41:00	22	0	1	0
120	2013-06-11 06:10:00	22	0	1	0
99	2013-06-11 06:55:00	22	0	1	0
137	2013-06-11 07:11:00	22	0	1	0
78	2013-06-11 07:15:00	22	0	1	0
156	2013-06-11 07:16:00	22	0	1	0
169	2013-06-11 07:18:00	22	0	1	0
148	2013-06-11 07:25:00	22	0	1	0
118	2013-06-11 07:30:00	22	0	1	0
108	2013-06-11 07:31:00	22	0	1	0
135	2013-06-11 07:53:00	22	0	1	0
54	2013-06-11 07:54:00	22	0	1	0
128	2013-06-11 07:57:00	22	0	1	0
167	2013-06-11 08:12:00	22	0	1	0
112	2013-06-11 08:14:00	22	0	1	0
139	2013-06-11 08:14:00	22	0	1	0
170	2013-06-11 08:16:00	22	0	1	0
93	2013-06-11 08:16:00	22	0	1	0
166	2013-06-11 08:33:00	22	0	1	0
41	2013-06-11 08:39:00	22	0	1	0
165	2013-06-11 08:46:00	22	0	1	0
157	2013-06-11 08:50:00	22	0	1	0
140	2013-06-11 08:53:00	22	0	1	0
152	2013-06-11 08:56:00	22	0	1	0
143	2013-06-11 08:57:00	22	0	1	0
159	2013-06-11 08:59:00	22	0	1	0
115	2013-06-11 09:02:00	22	0	1	0
155	2013-06-11 09:05:00	22	0	1	0
138	2013-06-11 09:12:00	22	0	1	0
30	2013-06-11 09:28:00	22	0	1	0
122	2013-06-11 09:32:00	22	0	1	0
96	2013-06-11 09:57:00	22	0	1	0
163	2013-06-11 10:10:00	22	0	1	0
57	2013-06-11 10:20:00	22	0	1	0
117	2013-06-11 10:24:00	22	0	1	0
74	2013-06-11 10:26:00	22	0	1	0
53	2013-06-11 10:26:00	22	0	1	0
40	2013-06-11 10:50:00	22	0	1	0
56	2013-06-11 10:58:00	22	0	1	0
50	2013-06-11 12:35:00	22	0	1	0
117	2013-06-11 13:02:00	22	0	1	0
70	2013-06-11 14:13:00	22	0	1	0
152	2013-06-11 14:17:00	22	0	1	0
140	2013-06-11 14:21:00	22	0	1	0
139	2013-06-11 14:21:00	22	0	1	0
132	2013-06-11 14:26:00	22	0	1	0
167	2013-06-11 14:27:00	22	0	1	0
105	2013-06-11 14:30:00	22	0	1	0
143	2013-06-11 14:36:00	22	0	1	0
163	2013-06-11 14:37:00	22	0	1	0
165	2013-06-11 14:38:00	22	0	1	0
162	2013-06-11 14:39:00	22	0	1	0
153	2013-06-11 14:39:00	22	0	1	0
50	2013-06-11 14:42:00	22	0	1	0
108	2013-06-11 14:42:00	22	0	1	0
122	2013-06-11 14:42:00	22	0	1	0
169	2013-06-11 14:43:00	22	0	1	0
170	2013-06-11 14:51:00	22	0	1	0
159	2013-06-11 14:51:00	22	0	1	0
112	2013-06-11 15:00:00	22	0	1	0
74	2013-06-11 15:05:00	22	0	1	0
137	2013-06-11 15:06:00	22	0	1	0
62	2013-06-11 15:50:00	22	0	1	0
93	2013-06-11 16:02:00	22	0	1	0
95	2013-06-11 16:27:00	22	0	1	0
56	2013-06-11 16:35:00	22	0	1	0
146	2013-06-11 19:12:00	22	0	1	0
135	2013-06-11 19:18:00	22	0	1	0
120	2013-06-11 19:30:00	22	0	1	0
120	2013-06-12 06:33:00	22	0	1	0
159	2013-06-12 06:51:00	22	0	1	0
169	2013-06-12 07:08:00	22	0	1	0
156	2013-06-12 07:08:00	22	0	1	0
78	2013-06-12 07:09:00	22	0	1	0
56	2013-06-12 08:07:00	22	0	1	0
170	2013-06-12 08:10:00	22	0	1	0
76	2013-06-12 08:12:00	22	0	1	0
167	2013-06-12 08:16:00	22	0	1	0
41	2013-06-12 08:20:00	22	0	1	0
160	2013-06-12 08:21:00	22	0	1	0
152	2013-06-12 08:21:00	22	0	1	0
135	2013-06-12 08:22:00	22	0	1	0
128	2013-06-12 08:27:00	22	0	1	0
146	2013-06-12 08:36:00	22	0	1	0
157	2013-06-12 08:37:00	22	0	1	0
112	2013-06-12 08:37:00	22	0	1	0
164	2013-06-12 08:37:00	22	0	1	0
54	2013-06-12 08:37:00	22	0	1	0
93	2013-06-12 08:45:00	22	0	1	0
53	2013-06-12 08:46:00	22	0	1	0
165	2013-06-12 08:55:00	22	0	1	0
121	2013-06-12 08:57:00	22	0	1	0
62	2013-06-12 08:58:00	22	0	1	0
34	2013-06-12 08:59:00	22	0	1	0
90	2013-06-12 08:59:00	22	0	1	0
30	2013-06-12 09:02:00	22	0	1	0
140	2013-06-12 09:05:00	22	0	1	0
134	2013-06-12 09:21:00	22	0	1	0
143	2013-06-12 09:25:00	22	0	1	0
68	2013-06-12 09:33:00	22	0	1	0
74	2013-06-12 09:39:00	22	0	1	0
129	2013-06-12 09:46:00	22	0	1	0
115	2013-06-12 09:51:00	22	0	1	0
87	2013-06-12 10:00:00	22	0	1	0
118	2013-06-12 10:09:00	22	0	1	0
105	2013-06-12 10:40:00	22	0	1	0
95	2013-06-12 11:10:00	22	0	1	0
142	2013-06-12 11:30:00	22	0	1	0
93	2013-06-12 13:49:00	22	0	1	0
167	2013-06-12 13:58:00	22	0	1	0
146	2013-06-12 14:02:00	22	0	1	0
115	2013-06-12 14:16:00	22	0	1	0
165	2013-06-12 14:18:00	22	0	1	0
169	2013-06-12 14:20:00	22	0	1	0
128	2013-06-12 14:23:00	22	0	1	0
112	2013-06-12 14:40:00	22	0	1	0
74	2013-06-12 14:40:00	22	0	1	0
160	2013-06-12 14:42:00	22	0	1	0
62	2013-06-12 14:42:00	22	0	1	0
156	2013-06-12 14:54:00	22	0	1	0
159	2013-06-12 14:55:00	22	0	1	0
78	2013-06-12 14:55:00	22	0	1	0
68	2013-06-12 15:08:00	22	0	1	0
70	2013-06-12 15:08:00	22	0	1	0
90	2013-06-12 15:09:00	22	0	1	0
95	2013-06-12 15:39:00	22	0	1	0
170	2013-06-12 15:47:00	22	0	1	0
41	2013-06-12 15:47:00	22	0	1	0
135	2013-06-12 17:54:00	22	0	1	0
120	2013-06-12 17:57:00	22	0	1	0
120	2013-06-13 06:21:00	22	0	1	0
169	2013-06-13 06:26:00	22	0	1	0
140	2013-06-13 06:26:00	22	0	1	0
99	2013-06-13 06:49:00	22	0	1	0
78	2013-06-13 07:07:00	22	0	1	0
156	2013-06-13 07:07:00	22	0	1	0
108	2013-06-13 07:12:00	22	0	1	0
118	2013-06-13 07:26:00	22	0	1	0
159	2013-06-13 07:26:00	22	0	1	0
152	2013-06-13 07:40:00	22	0	1	0
83	2013-06-13 07:41:00	22	0	1	0
137	2013-06-13 07:44:00	22	0	1	0
128	2013-06-13 07:45:00	22	0	1	0
56	2013-06-13 07:48:00	22	0	1	0
1	2013-06-13 07:50:00	22	0	1	0
62	2013-06-13 08:15:00	22	0	1	0
134	2013-06-13 08:16:00	22	0	1	0
160	2013-06-13 08:18:00	22	0	1	0
167	2013-06-13 08:19:00	22	0	1	0
139	2013-06-13 08:28:00	22	0	1	0
74	2013-06-13 08:30:00	22	0	1	0
54	2013-06-13 08:33:00	22	0	1	0
112	2013-06-13 08:34:00	22	0	1	0
135	2013-06-13 08:36:00	22	0	1	0
165	2013-06-13 08:39:00	22	0	1	0
30	2013-06-13 08:42:00	22	0	1	0
93	2013-06-13 08:42:00	22	0	1	0
41	2013-06-13 08:43:00	22	0	1	0
138	2013-06-13 08:44:00	22	0	1	0
157	2013-06-13 08:54:00	22	0	1	0
170	2013-06-13 08:59:00	22	0	1	0
146	2013-06-13 09:00:00	22	0	1	0
90	2013-06-13 09:03:00	22	0	1	0
50	2013-06-13 09:04:00	22	0	1	0
57	2013-06-13 09:09:00	22	0	1	0
117	2013-06-13 09:09:00	22	0	1	0
163	2013-06-13 09:13:00	22	0	1	0
95	2013-06-13 09:17:00	22	0	1	0
115	2013-06-13 09:23:00	22	0	1	0
129	2013-06-13 09:26:00	22	0	1	0
48	2013-06-13 09:28:00	22	0	1	0
77	2013-06-13 10:11:00	22	0	1	0
150	2013-06-13 10:33:00	22	0	1	0
53	2013-06-13 10:39:00	22	0	1	0
122	2013-06-13 10:41:00	22	0	1	0
87	2013-06-13 10:42:00	22	0	1	0
68	2013-06-13 11:25:00	22	0	1	0
130	2013-06-13 11:55:00	22	0	1	0
104	2013-06-13 12:59:00	22	0	1	0
140	2013-06-13 13:04:00	22	0	1	0
163	2013-06-13 13:05:00	22	0	1	0
139	2013-06-13 13:54:00	22	0	1	0
87	2013-06-13 14:00:00	22	0	1	0
30	2013-06-13 14:20:00	22	0	1	0
165	2013-06-13 14:25:00	22	0	1	0
132	2013-06-13 14:39:00	22	0	1	0
93	2013-06-13 14:49:00	22	0	1	0
77	2013-06-13 14:51:00	22	0	1	0
118	2013-06-13 14:52:00	22	0	1	0
99	2013-06-13 14:54:00	22	0	1	0
78	2013-06-13 14:56:00	22	0	1	0
167	2013-06-13 14:56:00	22	0	1	0
68	2013-06-13 14:59:00	22	0	1	0
160	2013-06-13 15:06:00	22	0	1	0
138	2013-06-13 15:06:00	22	0	1	0
41	2013-06-13 15:42:00	22	0	1	0
152	2013-06-13 15:56:00	22	0	1	0
1	2013-06-13 15:56:00	22	0	1	0
159	2013-06-13 15:58:00	22	0	1	0
170	2013-06-13 16:02:00	22	0	1	0
134	2013-06-13 16:03:00	22	0	1	0
169	2013-06-13 16:13:00	22	0	1	0
112	2013-06-13 16:21:00	22	0	1	0
115	2013-06-13 16:22:00	22	0	1	0
74	2013-06-13 16:23:00	22	0	1	0
83	2013-06-13 16:33:00	22	0	1	0
56	2013-06-13 18:16:00	22	0	1	0
146	2013-06-13 18:52:00	22	0	1	0
135	2013-06-13 18:53:00	22	0	1	0
137	2013-06-13 18:53:00	22	0	1	0
120	2013-06-14 06:18:00	22	0	1	0
169	2013-06-14 06:20:00	22	0	1	0
99	2013-06-14 06:40:00	22	0	1	0
78	2013-06-14 06:40:00	22	0	1	0
139	2013-06-14 06:48:00	22	0	1	0
153	2013-06-14 06:55:00	22	0	1	0
1	2013-06-14 06:59:00	22	0	1	0
56	2013-06-14 07:00:00	22	0	1	0
159	2013-06-14 07:01:00	22	0	1	0
152	2013-06-14 07:07:00	22	0	1	0
138	2013-06-14 07:09:00	22	0	1	0
54	2013-06-14 07:09:00	22	0	1	0
156	2013-06-14 07:10:00	22	0	1	0
104	2013-06-14 07:10:00	22	0	1	0
74	2013-06-14 07:10:00	22	0	1	0
108	2013-06-14 07:10:00	22	0	1	0
160	2013-06-14 07:11:00	22	0	1	0
112	2013-06-14 07:13:00	22	0	1	0
62	2013-06-14 07:13:00	22	0	1	0
121	2013-06-14 07:14:00	22	0	1	0
57	2013-06-14 07:14:00	22	0	1	0
113	2013-06-14 07:15:00	22	0	1	0
137	2013-06-14 07:19:00	22	0	1	0
135	2013-06-14 07:22:00	22	0	1	0
167	2013-06-14 07:24:00	22	0	1	0
146	2013-06-14 07:25:00	22	0	1	0
155	2013-06-14 07:26:00	22	0	1	0
165	2013-06-14 07:26:00	22	0	1	0
68	2013-06-14 07:29:00	22	0	1	0
162	2013-06-14 07:31:00	22	0	1	0
154	2013-06-14 07:33:00	22	0	1	0
67	2013-06-14 07:38:00	22	0	1	0
118	2013-06-14 07:42:00	22	0	1	0
41	2013-06-14 07:47:00	22	0	1	0
157	2013-06-14 07:50:00	22	0	1	0
122	2013-06-14 08:21:00	22	0	1	0
170	2013-06-14 08:25:00	22	0	1	0
96	2013-06-14 08:29:00	22	0	1	0
45	2013-06-14 08:29:00	22	0	1	0
87	2013-06-14 08:55:00	22	0	1	0
30	2013-06-14 09:10:00	22	0	1	0
143	2013-06-14 09:14:00	22	0	1	0
95	2013-06-14 09:15:00	22	0	1	0
53	2013-06-14 09:22:00	22	0	1	0
117	2013-06-14 09:22:00	22	0	1	0
105	2013-06-14 09:24:00	22	0	1	0
164	2013-06-14 09:25:00	22	0	1	0
163	2013-06-14 10:01:00	22	0	1	0
81	2013-06-14 10:29:00	22	0	1	0
117	2013-06-14 10:54:00	22	0	1	0
163	2013-06-14 12:21:00	22	0	1	0
68	2013-06-14 14:11:00	22	0	1	0
83	2013-06-14 14:20:00	22	0	1	0
165	2013-06-14 14:44:00	22	0	1	0
128	2013-06-14 14:45:00	22	0	1	0
139	2013-06-14 14:46:00	22	0	1	0
99	2013-06-14 14:47:00	22	0	1	0
30	2013-06-14 14:47:00	22	0	1	0
78	2013-06-14 14:48:00	22	0	1	0
77	2013-06-14 14:48:00	22	0	1	0
170	2013-06-14 14:50:00	22	0	1	0
118	2013-06-14 14:54:00	22	0	1	0
108	2013-06-14 15:19:00	22	0	1	0
153	2013-06-14 15:26:00	22	0	1	0
152	2013-06-14 15:27:00	22	0	1	0
93	2013-06-14 15:27:00	22	0	1	0
56	2013-06-14 15:27:00	22	0	1	0
156	2013-06-14 15:31:00	22	0	1	0
160	2013-06-14 15:37:00	22	0	1	0
67	2013-06-14 15:37:00	22	0	1	0
62	2013-06-14 15:38:00	22	0	1	0
157	2013-06-14 15:38:00	22	0	1	0
104	2013-06-14 16:05:00	22	0	1	0
113	2013-06-14 16:08:00	22	0	1	0
159	2013-06-14 16:30:00	22	0	1	0
1	2013-06-14 17:27:00	22	0	1	0
74	2013-06-14 17:33:00	22	0	1	0
169	2013-06-14 17:35:00	22	0	1	0
105	2013-06-14 17:58:00	22	0	1	0
41	2013-06-14 19:04:00	22	0	1	0
135	2013-06-14 19:19:00	22	0	1	0
146	2013-06-14 19:25:00	22	0	1	0
95	2013-06-14 19:26:00	22	0	1	0
129	2013-06-14 19:26:00	22	0	1	0
137	2013-06-14 19:40:00	22	0	1	0
159	2013-06-17 06:32:00	22	0	1	0
57	2013-06-17 06:32:00	22	0	1	0
78	2013-06-17 06:32:00	22	0	1	0
156	2013-06-17 06:47:00	22	0	1	0
152	2013-06-17 06:54:00	22	0	1	0
1	2013-06-17 06:57:00	22	0	1	0
134	2013-06-17 07:21:00	22	0	1	0
3	2013-06-17 07:31:00	22	0	1	0
101	2013-06-17 07:41:00	22	0	1	0
39	2013-06-17 07:42:00	22	0	1	0
60	2013-06-17 07:42:00	22	0	1	0
165	2013-06-17 07:42:00	22	0	1	0
140	2013-06-17 07:42:00	22	0	1	0
108	2013-06-17 07:43:00	22	0	1	0
20	2013-06-17 07:45:00	22	0	1	0
46	2013-06-17 07:45:00	22	0	1	0
144	2013-06-17 07:45:00	22	0	1	0
74	2013-06-17 07:45:00	22	0	1	0
164	2013-06-17 07:46:00	22	0	1	0
54	2013-06-17 07:46:00	22	0	1	0
68	2013-06-17 07:46:00	22	0	1	0
135	2013-06-17 07:46:00	22	0	1	0
86	2013-06-17 07:46:00	22	0	1	0
41	2013-06-17 07:47:00	22	0	1	0
154	2013-06-17 07:47:00	22	0	1	0
113	2013-06-17 07:48:00	22	0	1	0
162	2013-06-17 07:48:00	22	0	1	0
87	2013-06-17 07:48:00	22	0	1	0
97	2013-06-17 07:49:00	22	0	1	0
93	2013-06-17 07:50:00	22	0	1	0
138	2013-06-17 07:51:00	22	0	1	0
62	2013-06-17 07:51:00	22	0	1	0
128	2013-06-17 07:51:00	22	0	1	0
169	2013-06-17 07:52:00	22	0	1	0
160	2013-06-17 07:52:00	22	0	1	0
29	2013-06-17 07:52:00	22	0	1	0
121	2013-06-17 07:53:00	22	0	1	0
137	2013-06-17 07:54:00	22	0	1	0
168	2013-06-17 07:54:00	22	0	1	0
146	2013-06-17 07:56:00	22	0	1	0
157	2013-06-17 08:01:00	22	0	1	0
141	2013-06-17 08:02:00	22	0	1	0
5	2013-06-17 08:02:00	22	0	1	0
118	2013-06-17 08:10:00	22	0	1	0
56	2013-06-17 08:25:00	22	0	1	0
163	2013-06-17 08:28:00	22	0	1	0
155	2013-06-17 08:29:00	22	0	1	0
30	2013-06-17 08:34:00	22	0	1	0
67	2013-06-17 08:35:00	22	0	1	0
115	2013-06-17 08:38:00	22	0	1	0
139	2013-06-17 08:39:00	22	0	1	0
132	2013-06-17 08:41:00	22	0	1	0
170	2013-06-17 08:49:00	22	0	1	0
90	2013-06-17 09:00:00	22	0	1	0
117	2013-06-17 09:02:00	22	0	1	0
50	2013-06-17 09:07:00	22	0	1	0
167	2013-06-17 09:08:00	22	0	1	0
142	2013-06-17 09:10:00	22	0	1	0
122	2013-06-17 09:12:00	22	0	1	0
148	2013-06-17 09:15:00	22	0	1	0
95	2013-06-17 10:05:00	22	0	1	0
81	2013-06-17 10:08:00	22	0	1	0
40	2013-06-17 10:17:00	22	0	1	0
104	2013-06-17 10:17:00	22	0	1	0
53	2013-06-17 10:51:00	22	0	1	0
40	2013-06-17 12:08:00	22	0	1	0
89	2013-06-17 13:16:00	22	0	1	0
97	2013-06-17 14:20:00	22	0	1	0
87	2013-06-17 14:36:00	22	0	1	0
79	2013-06-17 14:37:00	22	0	1	0
54	2013-06-17 14:38:00	22	0	1	0
48	2013-06-17 14:40:00	22	0	1	0
93	2013-06-17 14:40:00	22	0	1	0
133	2013-06-17 14:45:00	22	0	1	0
99	2013-06-17 14:45:00	22	0	1	0
139	2013-06-17 14:45:00	22	0	1	0
167	2013-06-17 14:46:00	22	0	1	0
150	2013-06-17 14:46:00	22	0	1	0
140	2013-06-17 14:47:00	22	0	1	0
159	2013-06-17 14:49:00	22	0	1	0
122	2013-06-17 14:50:00	22	0	1	0
77	2013-06-17 14:50:00	22	0	1	0
81	2013-06-17 14:50:00	22	0	1	0
165	2013-06-17 14:50:00	22	0	1	0
137	2013-06-17 14:51:00	22	0	1	0
163	2013-06-17 14:51:00	22	0	1	0
118	2013-06-17 14:51:00	22	0	1	0
30	2013-06-17 14:52:00	22	0	1	0
164	2013-06-17 15:01:00	22	0	1	0
86	2013-06-17 15:02:00	22	0	1	0
162	2013-06-17 15:02:00	22	0	1	0
5	2013-06-17 15:02:00	22	0	1	0
170	2013-06-17 15:04:00	22	0	1	0
112	2013-06-17 15:08:00	22	0	1	0
78	2013-06-17 15:08:00	22	0	1	0
157	2013-06-17 15:15:00	22	0	1	0
160	2013-06-17 15:15:00	22	0	1	0
138	2013-06-17 15:15:00	22	0	1	0
144	2013-06-17 15:21:00	22	0	1	0
41	2013-06-17 15:32:00	22	0	1	0
70	2013-06-17 15:34:00	22	0	1	0
95	2013-06-17 15:39:00	22	0	1	0
155	2013-06-17 15:39:00	22	0	1	0
74	2013-06-17 15:41:00	22	0	1	0
117	2013-06-17 15:41:00	22	0	1	0
168	2013-06-17 15:56:00	22	0	1	0
50	2013-06-17 16:01:00	22	0	1	0
118	2013-06-17 16:08:00	22	0	1	0
29	2013-06-17 16:10:00	22	0	1	0
83	2013-06-17 16:20:00	22	0	1	0
142	2013-06-17 16:36:00	22	0	1	0
113	2013-06-17 16:37:00	22	0	1	0
67	2013-06-17 16:40:00	22	0	1	0
56	2013-06-17 16:57:00	22	0	1	0
46	2013-06-17 17:00:00	22	0	1	0
153	2013-06-17 17:00:00	22	0	1	0
83	2013-06-17 17:21:00	22	0	1	0
108	2013-06-17 17:22:00	22	0	1	0
1	2013-06-17 17:28:00	22	0	1	0
29	2013-06-17 17:30:00	22	0	1	0
3	2013-06-17 17:30:00	22	0	1	0
169	2013-06-17 17:32:00	22	0	1	0
141	2013-06-17 17:48:00	22	0	1	0
62	2013-06-17 17:48:00	22	0	1	0
135	2013-06-17 18:11:00	22	0	1	0
60	2013-06-17 18:20:00	22	0	1	0
20	2013-06-17 18:37:00	22	0	1	0
101	2013-06-17 18:40:00	22	0	1	0
39	2013-06-17 18:41:00	22	0	1	0
146	2013-06-17 18:52:00	22	0	1	0
108	2013-06-18 05:58:00	22	0	1	0
96	2013-06-18 06:09:00	22	0	1	0
78	2013-06-18 06:15:00	22	0	1	0
159	2013-06-18 07:04:00	22	0	1	0
121	2013-06-18 07:04:00	22	0	1	0
113	2013-06-18 07:09:00	22	0	1	0
169	2013-06-18 07:10:00	22	0	1	0
156	2013-06-18 07:16:00	22	0	1	0
125	2013-06-18 07:22:00	22	0	1	0
137	2013-06-18 07:24:00	22	0	1	0
135	2013-06-18 07:25:00	22	0	1	0
167	2013-06-18 07:27:00	22	0	1	0
86	2013-06-18 07:32:00	22	0	1	0
138	2013-06-18 07:34:00	22	0	1	0
74	2013-06-18 07:40:00	22	0	1	0
62	2013-06-18 07:43:00	22	0	1	0
128	2013-06-18 07:46:00	22	0	1	0
76	2013-06-18 07:47:00	22	0	1	0
56	2013-06-18 07:53:00	22	0	1	0
157	2013-06-18 07:54:00	22	0	1	0
146	2013-06-18 08:05:00	22	0	1	0
140	2013-06-18 08:07:00	22	0	1	0
170	2013-06-18 08:12:00	22	0	1	0
105	2013-06-18 08:16:00	22	0	1	0
46	2013-06-18 08:17:00	22	0	1	0
20	2013-06-18 08:18:00	22	0	1	0
54	2013-06-18 08:18:00	22	0	1	0
41	2013-06-18 08:19:00	22	0	1	0
112	2013-06-18 08:20:00	22	0	1	0
29	2013-06-18 08:20:00	22	0	1	0
108	2013-06-18 08:21:00	22	0	1	0
39	2013-06-18 08:21:00	22	0	1	0
101	2013-06-18 08:21:00	22	0	1	0
5	2013-06-18 08:22:00	22	0	1	0
165	2013-06-18 08:24:00	22	0	1	0
142	2013-06-18 08:25:00	22	0	1	0
93	2013-06-18 08:25:00	22	0	1	0
97	2013-06-18 08:29:00	22	0	1	0
139	2013-06-18 08:34:00	22	0	1	0
99	2013-06-18 08:34:00	22	0	1	0
3	2013-06-18 08:37:00	22	0	1	0
60	2013-06-18 08:37:00	22	0	1	0
155	2013-06-18 08:48:00	22	0	1	0
67	2013-06-18 08:48:00	22	0	1	0
53	2013-06-18 08:49:00	22	0	1	0
143	2013-06-18 08:58:00	22	0	1	0
115	2013-06-18 09:01:00	22	0	1	0
152	2013-06-18 09:08:00	22	0	1	0
150	2013-06-18 09:09:00	22	0	1	0
68	2013-06-18 09:16:00	22	0	1	0
95	2013-06-18 09:17:00	22	0	1	0
122	2013-06-18 09:18:00	22	0	1	0
48	2013-06-18 09:58:00	22	0	1	0
50	2013-06-18 10:08:00	22	0	1	0
163	2013-06-18 10:47:00	22	0	1	0
132	2013-06-18 10:47:00	22	0	1	0
103	2013-06-18 11:19:00	22	0	1	0
106	2013-06-18 12:22:00	22	0	1	0
98	2013-06-18 13:04:00	22	0	1	0
140	2013-06-18 13:24:00	22	0	1	0
81	2013-06-18 13:37:00	22	0	1	0
150	2013-06-18 13:44:00	22	0	1	0
77	2013-06-18 13:59:00	22	0	1	0
97	2013-06-18 14:04:00	22	0	1	0
48	2013-06-18 14:32:00	22	0	1	0
132	2013-06-18 14:32:00	22	0	1	0
30	2013-06-18 14:36:00	22	0	1	0
70	2013-06-18 14:36:00	22	0	1	0
54	2013-06-18 14:41:00	22	0	1	0
163	2013-06-18 14:41:00	22	0	1	0
81	2013-06-18 14:41:00	22	0	1	0
167	2013-06-18 14:47:00	22	0	1	0
159	2013-06-18 14:48:00	22	0	1	0
165	2013-06-18 14:49:00	22	0	1	0
57	2013-06-18 14:50:00	22	0	1	0
125	2013-06-18 14:56:00	22	0	1	0
170	2013-06-18 14:58:00	22	0	1	0
118	2013-06-18 15:06:00	22	0	1	0
124	2013-06-18 15:13:00	22	0	1	0
74	2013-06-18 15:13:00	22	0	1	0
5	2013-06-18 15:16:00	22	0	1	0
93	2013-06-18 15:32:00	22	0	1	0
83	2013-06-18 15:42:00	22	0	1	0
86	2013-06-18 15:44:00	22	0	1	0
67	2013-06-18 15:48:00	22	0	1	0
138	2013-06-18 15:50:00	22	0	1	0
46	2013-06-18 15:54:00	22	0	1	0
143	2013-06-18 15:56:00	22	0	1	0
169	2013-06-18 15:56:00	22	0	1	0
79	2013-06-18 16:00:00	22	0	1	0
117	2013-06-18 16:00:00	22	0	1	0
113	2013-06-18 16:01:00	22	0	1	0
50	2013-06-18 16:02:00	22	0	1	0
142	2013-06-18 16:14:00	22	0	1	0
105	2013-06-18 16:15:00	22	0	1	0
157	2013-06-18 16:21:00	22	0	1	0
153	2013-06-18 16:21:00	22	0	1	0
41	2013-06-18 16:23:00	22	0	1	0
56	2013-06-18 16:45:00	22	0	1	0
23	2013-06-18 16:59:00	22	0	1	0
104	2013-06-18 17:00:00	22	0	1	0
29	2013-06-18 17:04:00	22	0	1	0
146	2013-06-18 17:05:00	22	0	1	0
20	2013-06-18 17:05:00	22	0	1	0
60	2013-06-18 17:16:00	22	0	1	0
156	2013-06-18 17:28:00	22	0	1	0
137	2013-06-18 17:31:00	22	0	1	0
135	2013-06-18 17:31:00	22	0	1	0
141	2013-06-18 17:46:00	22	0	1	0
62	2013-06-18 17:46:00	22	0	1	0
155	2013-06-18 18:06:00	22	0	1	0
55	2013-06-18 18:08:00	22	0	1	0
101	2013-06-18 18:50:00	22	0	1	0
39	2013-06-18 18:50:00	22	0	1	0
112	2013-06-18 18:53:00	22	0	1	0
96	2013-06-19 06:02:00	22	0	1	0
169	2013-06-19 06:54:00	22	0	1	0
121	2013-06-19 07:09:00	22	0	1	0
152	2013-06-19 07:16:00	22	0	1	0
78	2013-06-19 07:18:00	22	0	1	0
156	2013-06-19 07:18:00	22	0	1	0
159	2013-06-19 07:29:00	22	0	1	0
138	2013-06-19 07:36:00	22	0	1	0
167	2013-06-19 07:39:00	22	0	1	0
86	2013-06-19 07:44:00	22	0	1	0
113	2013-06-19 07:45:00	22	0	1	0
62	2013-06-19 07:47:00	22	0	1	0
93	2013-06-19 07:48:00	22	0	1	0
125	2013-06-19 07:54:00	22	0	1	0
46	2013-06-19 07:54:00	22	0	1	0
135	2013-06-19 08:02:00	22	0	1	0
168	2013-06-19 08:04:00	22	0	1	0
154	2013-06-19 08:05:00	22	0	1	0
56	2013-06-19 08:05:00	22	0	1	0
23	2013-06-19 08:06:00	22	0	1	0
164	2013-06-19 08:07:00	22	0	1	0
160	2013-06-19 08:07:00	22	0	1	0
74	2013-06-19 08:18:00	22	0	1	0
87	2013-06-19 08:19:00	22	0	1	0
108	2013-06-19 08:22:00	22	0	1	0
20	2013-06-19 08:26:00	22	0	1	0
54	2013-06-19 08:26:00	22	0	1	0
101	2013-06-19 08:27:00	22	0	1	0
112	2013-06-19 08:27:00	22	0	1	0
107	2013-06-19 08:28:00	22	0	1	0
39	2013-06-19 08:33:00	22	0	1	0
157	2013-06-19 08:33:00	22	0	1	0
97	2013-06-19 08:37:00	22	0	1	0
67	2013-06-19 08:39:00	22	0	1	0
114	2013-06-19 08:40:00	22	0	1	0
115	2013-06-19 08:41:00	22	0	1	0
165	2013-06-19 08:42:00	22	0	1	0
144	2013-06-19 08:44:00	22	0	1	0
90	2013-06-19 08:44:00	22	0	1	0
143	2013-06-19 08:45:00	22	0	1	0
166	2013-06-19 08:45:00	22	0	1	0
139	2013-06-19 08:45:00	22	0	1	0
5	2013-06-19 08:48:00	22	0	1	0
146	2013-06-19 08:48:00	22	0	1	0
170	2013-06-19 08:50:00	22	0	1	0
122	2013-06-19 09:05:00	22	0	1	0
117	2013-06-19 09:15:00	22	0	1	0
163	2013-06-19 09:23:00	22	0	1	0
13	2013-06-19 09:28:00	22	0	1	0
60	2013-06-19 09:32:00	22	0	1	0
105	2013-06-19 09:41:00	22	0	1	0
150	2013-06-19 10:03:00	22	0	1	0
81	2013-06-19 10:08:00	22	0	1	0
118	2013-06-19 10:08:00	22	0	1	0
55	2013-06-19 10:09:00	22	0	1	0
41	2013-06-19 10:17:00	22	0	1	0
30	2013-06-19 10:21:00	22	0	1	0
48	2013-06-19 10:21:00	22	0	1	0
50	2013-06-19 10:38:00	22	0	1	0
89	2013-06-19 11:20:00	22	0	1	0
53	2013-06-19 13:28:00	22	0	1	0
54	2013-06-19 14:42:00	22	0	1	0
125	2013-06-19 14:46:00	22	0	1	0
48	2013-06-19 14:47:00	22	0	1	0
78	2013-06-19 14:48:00	22	0	1	0
97	2013-06-19 14:49:00	22	0	1	0
163	2013-06-19 14:49:00	22	0	1	0
81	2013-06-19 14:49:00	22	0	1	0
99	2013-06-19 14:50:00	22	0	1	0
103	2013-06-19 14:50:00	22	0	1	0
170	2013-06-19 14:51:00	22	0	1	0
57	2013-06-19 14:52:00	22	0	1	0
132	2013-06-19 14:52:00	22	0	1	0
128	2013-06-19 14:53:00	22	0	1	0
122	2013-06-19 14:53:00	22	0	1	0
138	2013-06-19 14:55:00	22	0	1	0
167	2013-06-19 14:55:00	22	0	1	0
164	2013-06-19 14:56:00	22	0	1	0
129	2013-06-19 14:57:00	22	0	1	0
139	2013-06-19 14:58:00	22	0	1	0
142	2013-06-19 15:00:00	22	0	1	0
86	2013-06-19 15:03:00	22	0	1	0
93	2013-06-19 15:07:00	22	0	1	0
107	2013-06-19 15:14:00	22	0	1	0
62	2013-06-19 15:14:00	22	0	1	0
113	2013-06-19 15:15:00	22	0	1	0
168	2013-06-19 15:17:00	22	0	1	0
144	2013-06-19 15:18:00	22	0	1	0
156	2013-06-19 15:19:00	22	0	1	0
152	2013-06-19 15:21:00	22	0	1	0
155	2013-06-19 15:21:00	22	0	1	0
159	2013-06-19 15:21:00	22	0	1	0
165	2013-06-19 15:26:00	22	0	1	0
160	2013-06-19 15:33:00	22	0	1	0
157	2013-06-19 15:33:00	22	0	1	0
153	2013-06-19 15:33:00	22	0	1	0
68	2013-06-19 15:35:00	22	0	1	0
108	2013-06-19 15:35:00	22	0	1	0
95	2013-06-19 15:36:00	22	0	1	0
105	2013-06-19 15:36:00	22	0	1	0
143	2013-06-19 15:47:00	22	0	1	0
117	2013-06-19 15:47:00	22	0	1	0
50	2013-06-19 15:48:00	22	0	1	0
124	2013-06-19 15:54:00	22	0	1	0
55	2013-06-19 16:01:00	22	0	1	0
56	2013-06-19 16:20:00	22	0	1	0
118	2013-06-19 16:39:00	22	0	1	0
67	2013-06-19 16:40:00	22	0	1	0
141	2013-06-19 16:41:00	22	0	1	0
60	2013-06-19 16:56:00	22	0	1	0
104	2013-06-19 17:03:00	22	0	1	0
169	2013-06-19 17:07:00	22	0	1	0
23	2013-06-19 17:10:00	22	0	1	0
39	2013-06-19 17:11:00	22	0	1	0
20	2013-06-19 17:11:00	22	0	1	0
13	2013-06-19 17:33:00	22	0	1	0
108	2013-06-19 17:34:00	22	0	1	0
41	2013-06-19 17:34:00	22	0	1	0
95	2013-06-19 17:34:00	22	0	1	0
112	2013-06-19 17:46:00	22	0	1	0
101	2013-06-19 17:48:00	22	0	1	0
74	2013-06-19 17:48:00	22	0	1	0
135	2013-06-19 19:26:00	22	0	1	0
146	2013-06-19 19:34:00	22	0	1	0
78	2013-06-20 07:07:00	22	0	1	0
169	2013-06-20 07:12:00	22	0	1	0
152	2013-06-20 07:14:00	22	0	1	0
1	2013-06-20 07:14:00	22	0	1	0
156	2013-06-20 07:19:00	22	0	1	0
86	2013-06-20 07:31:00	22	0	1	0
167	2013-06-20 07:39:00	22	0	1	0
125	2013-06-20 07:46:00	22	0	1	0
20	2013-06-20 07:46:00	22	0	1	0
112	2013-06-20 07:47:00	22	0	1	0
46	2013-06-20 07:52:00	22	0	1	0
54	2013-06-20 07:52:00	22	0	1	0
128	2013-06-20 07:54:00	22	0	1	0
160	2013-06-20 07:55:00	22	0	1	0
146	2013-06-20 07:57:00	22	0	1	0
62	2013-06-20 08:12:00	22	0	1	0
163	2013-06-20 08:14:00	22	0	1	0
168	2013-06-20 08:15:00	22	0	1	0
5	2013-06-20 08:16:00	22	0	1	0
3	2013-06-20 08:19:00	22	0	1	0
93	2013-06-20 08:19:00	22	0	1	0
39	2013-06-20 08:20:00	22	0	1	0
108	2013-06-20 08:21:00	22	0	1	0
113	2013-06-20 08:22:00	22	0	1	0
157	2013-06-20 08:23:00	22	0	1	0
87	2013-06-20 08:23:00	22	0	1	0
23	2013-06-20 08:33:00	22	0	1	0
155	2013-06-20 08:37:00	22	0	1	0
107	2013-06-20 08:39:00	22	0	1	0
115	2013-06-20 08:39:00	22	0	1	0
101	2013-06-20 08:41:00	22	0	1	0
74	2013-06-20 08:42:00	22	0	1	0
97	2013-06-20 08:42:00	22	0	1	0
164	2013-06-20 08:50:00	22	0	1	0
138	2013-06-20 08:53:00	22	0	1	0
159	2013-06-20 08:59:00	22	0	1	0
148	2013-06-20 08:59:00	22	0	1	0
56	2013-06-20 08:59:00	22	0	1	0
114	2013-06-20 09:01:00	22	0	1	0
139	2013-06-20 09:03:00	22	0	1	0
135	2013-06-20 09:13:00	22	0	1	0
41	2013-06-20 09:14:00	22	0	1	0
57	2013-06-20 09:24:00	22	0	1	0
30	2013-06-20 09:27:00	22	0	1	0
79	2013-06-20 09:35:00	22	0	1	0
144	2013-06-20 09:39:00	22	0	1	0
13	2013-06-20 09:40:00	22	0	1	0
170	2013-06-20 09:44:00	22	0	1	0
122	2013-06-20 09:45:00	22	0	1	0
103	2013-06-20 09:50:00	22	0	1	0
67	2013-06-20 09:51:00	22	0	1	0
143	2013-06-20 09:56:00	22	0	1	0
90	2013-06-20 09:59:00	22	0	1	0
60	2013-06-20 10:01:00	22	0	1	0
129	2013-06-20 10:06:00	22	0	1	0
150	2013-06-20 10:28:00	22	0	1	0
117	2013-06-20 10:42:00	22	0	1	0
104	2013-06-20 10:56:00	22	0	1	0
40	2013-06-20 11:10:00	22	0	1	0
106	2013-06-20 11:29:00	22	0	1	0
105	2013-06-20 11:58:00	22	0	1	0
94	2013-06-20 13:34:00	22	0	1	0
139	2013-06-20 14:27:00	22	0	1	0
87	2013-06-20 14:36:00	22	0	1	0
103	2013-06-20 14:45:00	22	0	1	0
54	2013-06-20 14:52:00	22	0	1	0
99	2013-06-20 14:53:00	22	0	1	0
107	2013-06-20 14:53:00	22	0	1	0
115	2013-06-20 14:54:00	22	0	1	0
135	2013-06-20 14:54:00	22	0	1	0
74	2013-06-20 14:54:00	22	0	1	0
122	2013-06-20 14:57:00	22	0	1	0
104	2013-06-20 14:57:00	22	0	1	0
48	2013-06-20 14:57:00	22	0	1	0
97	2013-06-20 14:58:00	22	0	1	0
125	2013-06-20 15:00:00	22	0	1	0
129	2013-06-20 15:00:00	22	0	1	0
164	2013-06-20 15:02:00	22	0	1	0
143	2013-06-20 15:03:00	22	0	1	0
170	2013-06-20 15:04:00	22	0	1	0
78	2013-06-20 15:11:00	22	0	1	0
167	2013-06-20 15:12:00	22	0	1	0
138	2013-06-20 15:13:00	22	0	1	0
105	2013-06-20 15:18:00	22	0	1	0
93	2013-06-20 15:19:00	22	0	1	0
53	2013-06-20 15:27:00	22	0	1	0
144	2013-06-20 15:30:00	22	0	1	0
160	2013-06-20 15:30:00	22	0	1	0
168	2013-06-20 15:35:00	22	0	1	0
90	2013-06-20 15:35:00	22	0	1	0
152	2013-06-20 15:38:00	22	0	1	0
124	2013-06-20 15:43:00	22	0	1	0
79	2013-06-20 15:50:00	22	0	1	0

