30038	2013-02-25 09:38:48	38	0	0	0
30017	2013-02-25 09:40:10	38	0	0	0
31001	2013-02-25 12:38:45	38	0	0	0
31021	2013-02-25 13:20:42	38	0	0	0
31019	2013-02-25 13:21:00	38	0	0	0
31037	2013-02-25 13:35:19	38	0	0	0
31026	2013-02-25 13:35:43	38	0	0	0
31035	2013-02-25 15:11:46	38	0	0	0
31028	2013-02-25 15:12:58	38	0	0	0
31028	2013-02-25 15:13:10	38	0	0	0
31036	2013-02-25 15:13:52	38	0	0	0
31038	2013-02-25 15:19:17	38	0	0	0
31020	2013-02-25 16:17:37	38	0	0	0
31005	2013-02-25 16:18:19	38	0	0	0
31018	2013-02-26 06:27:29	38	0	0	0
31004	2013-02-26 07:31:16	38	0	0	0
31001	2013-02-26 07:35:47	38	0	0	0
31038	2013-02-26 07:37:00	38	0	0	0
31023	2013-02-26 07:46:18	38	0	0	0
31034	2013-02-26 07:47:05	38	0	0	0
31033	2013-02-26 07:47:09	38	0	0	0
31020	2013-02-26 07:57:28	38	0	0	0
31036	2013-02-26 08:04:20	38	0	0	0
31002	2013-02-26 08:11:36	38	0	0	0
31019	2013-02-26 08:31:01	38	0	0	0
31021	2013-02-26 08:34:03	38	0	0	0
31026	2013-02-26 08:51:43	38	0	0	0
31037	2013-02-26 08:58:18	38	0	0	0
31007	2013-02-26 09:02:39	38	0	0	0
31027	2013-02-26 09:05:38	38	0	0	0
31011	2013-02-26 09:07:01	38	0	0	0
31029	2013-02-26 09:28:58	38	0	0	0
31010	2013-02-26 10:06:37	38	0	0	0
31012	2013-02-26 10:07:30	38	0	0	0
31035	2013-02-26 10:21:12	38	0	0	0
31006	2013-02-26 11:23:01	38	0	0	0
31021	2013-02-26 14:32:26	38	0	0	0
31007	2013-02-26 14:38:34	38	0	0	0
31023	2013-02-26 14:38:46	38	0	0	0
31034	2013-02-26 14:51:53	38	0	0	0
31023	2013-02-26 14:58:14	38	0	0	0
31028	2013-02-26 14:58:40	38	0	0	0
31038	2013-02-26 14:58:47	38	0	0	0
31027	2013-02-26 14:58:56	38	0	0	0
31018	2013-02-26 15:00:13	38	0	0	0
31019	2013-02-26 15:00:52	38	0	0	0
31011	2013-02-26 15:02:51	38	0	0	0
31037	2013-02-26 15:04:06	38	0	0	0
31033	2013-02-26 15:09:49	38	0	0	0
31004	2013-02-26 15:10:08	38	0	0	0
31012	2013-02-26 15:14:20	38	0	0	0
31017	2013-02-26 15:14:51	38	0	0	0
31020	2013-02-26 15:25:01	38	0	0	0
31035	2013-02-26 15:41:02	38	0	0	0
31036	2013-02-26 15:43:22	38	0	0	0
31011	2013-02-26 20:38:46	38	0	0	0
31011	2013-02-26 20:38:57	38	0	0	0
31034	2013-02-27 07:23:25	38	0	0	0
31004	2013-02-27 07:24:06	38	0	0	0
31038	2013-02-27 07:27:58	38	0	0	0
31033	2013-02-27 07:28:54	38	0	0	0
31018	2013-02-27 07:30:19	38	0	0	0
31035	2013-02-27 07:32:25	38	0	0	0
31020	2013-02-27 07:42:24	38	0	0	0
31001	2013-02-27 07:54:27	38	0	0	0
31019	2013-02-27 08:13:12	38	0	0	0
31036	2013-02-27 08:14:12	38	0	0	0
31023	2013-02-27 08:29:34	38	0	0	0
31027	2013-02-27 08:43:34	38	0	0	0
31014	2013-02-27 08:44:19	38	0	0	0
31028	2013-02-27 08:44:27	38	0	0	0
31007	2013-02-27 08:54:20	38	0	0	0
31026	2013-02-27 09:03:08	38	0	0	0
31010	2013-02-27 09:32:26	38	0	0	0
31037	2013-02-27 09:34:07	38	0	0	0
31012	2013-02-27 09:38:26	38	0	0	0
31017	2013-02-27 09:39:03	38	0	0	0
31029	2013-02-27 09:39:13	38	0	0	0
31021	2013-02-27 09:52:19	38	0	0	0
31016	2013-02-27 10:38:10	38	0	0	0
31026	2013-02-27 12:08:24	38	0	0	0
31014	2013-02-27 13:58:42	38	0	0	0
31023	2013-02-27 14:00:11	38	0	0	0
31019	2013-02-27 14:18:33	38	0	0	0
31007	2013-02-27 14:20:04	38	0	0	0
31017	2013-02-27 14:25:22	38	0	0	0
31034	2013-02-27 14:40:14	38	0	0	0
31033	2013-02-27 14:40:49	38	0	0	0
31012	2013-02-27 14:41:18	38	0	0	0
31038	2013-02-27 14:46:13	38	0	0	0
31004	2013-02-27 14:49:50	38	0	0	0
31036	2013-02-27 14:50:00	38	0	0	0
31028	2013-02-27 14:50:14	38	0	0	0
31027	2013-02-27 15:11:11	38	0	0	0
31020	2013-02-27 15:12:45	38	0	0	0
31018	2013-02-27 15:32:30	38	0	0	0
31035	2013-02-27 15:46:02	38	0	0	0
31016	2013-02-27 16:19:39	38	0	0	0
31034	2013-02-28 07:13:28	38	0	0	0
31018	2013-02-28 07:14:30	38	0	0	0
31004	2013-02-28 07:27:19	38	0	0	0
31038	2013-02-28 07:36:42	38	0	0	0
31001	2013-02-28 07:42:45	38	0	0	0
31020	2013-02-28 07:52:21	38	0	0	0
31027	2013-02-28 08:15:29	38	0	0	0
31029	2013-02-28 08:19:24	38	0	0	0
31033	2013-02-28 08:22:29	38	0	0	0
31036	2013-02-28 08:22:34	38	0	0	0
31035	2013-02-28 08:28:13	38	0	0	0
31026	2013-02-28 08:28:50	38	0	0	0
31021	2013-02-28 08:33:53	38	0	0	0
31037	2013-02-28 08:34:04	38	0	0	0
31011	2013-02-28 08:40:16	38	0	0	0
31007	2013-02-28 08:58:38	38	0	0	0
31019	2013-02-28 08:58:55	38	0	0	0
31013	2013-02-28 11:05:33	38	0	0	0
31031	2013-02-28 11:05:44	38	0	0	0
31021	2013-02-28 14:19:18	38	0	0	0
31008	2013-02-28 14:21:01	38	0	0	0
31008	2013-02-28 14:21:13	38	0	0	0
31004	2013-02-28 14:27:30	38	0	0	0
31028	2013-02-28 14:28:00	38	0	0	0
31017	2013-02-28 14:28:22	38	0	0	0
31037	2013-02-28 14:28:39	38	0	0	0
31036	2013-02-28 14:28:47	38	0	0	0
31019	2013-02-28 14:32:19	38	0	0	0
31001	2013-02-28 14:36:43	38	0	0	0
31018	2013-02-28 14:39:31	38	0	0	0
31006	2013-02-28 14:53:20	38	0	0	0
31027	2013-02-28 14:54:48	38	0	0	0
31033	2013-02-28 14:57:18	38	0	0	0
31035	2013-02-28 14:57:25	38	0	0	0
31034	2013-02-28 14:58:37	38	0	0	0
31011	2013-02-28 15:10:35	38	0	0	0
31020	2013-02-28 15:12:09	38	0	0	0
31038	2013-02-28 15:24:44	38	0	0	0
31018	2013-03-01 06:50:38	38	0	0	0
31034	2013-03-01 07:13:49	38	0	0	0
31007	2013-03-01 07:40:31	38	0	0	0
31008	2013-03-01 07:52:54	38	0	0	0
31004	2013-03-01 08:02:02	38	0	0	0
31038	2013-03-01 08:02:40	38	0	0	0
31027	2013-03-01 08:04:48	38	0	0	0
31036	2013-03-01 08:11:06	38	0	0	0
31028	2013-03-01 08:11:14	38	0	0	0
31011	2013-03-01 08:14:44	38	0	0	0
31033	2013-03-01 08:31:43	38	0	0	0
31023	2013-03-01 10:36:07	38	0	0	0
31011	2013-03-01 17:39:51	38	0	0	0
31018	2013-03-04 06:42:44	38	0	0	0
31033	2013-03-04 07:16:29	38	0	0	0
31027	2013-03-04 08:02:23	38	0	0	0
31021	2013-03-04 08:03:19	38	0	0	0
31036	2013-03-04 08:03:27	38	0	0	0
31023	2013-03-04 08:05:09	38	0	0	0
31010	2013-03-04 08:05:17	38	0	0	0
31035	2013-03-04 08:08:05	38	0	0	0
31037	2013-03-04 08:09:52	38	0	0	0
31038	2013-03-04 08:11:11	38	0	0	0
31002	2013-03-04 08:19:33	38	0	0	0
31028	2013-03-04 08:19:43	38	0	0	0
31016	2013-03-04 08:23:45	38	0	0	0
31017	2013-03-04 08:23:59	38	0	0	0
31007	2013-03-04 08:24:26	38	0	0	0
31011	2013-03-04 08:24:51	38	0	0	0
31015	2013-03-04 08:30:12	38	0	0	0
31020	2013-03-04 08:30:30	38	0	0	0
31029	2013-03-04 08:45:38	38	0	0	0
31008	2013-03-04 08:48:14	38	0	0	0
31014	2013-03-04 08:48:22	38	0	0	0
31022	2013-03-04 08:55:53	38	0	0	0
31005	2013-03-04 09:23:55	38	0	0	0
31013	2013-03-04 10:14:39	38	0	0	0
31019	2013-03-04 10:20:57	38	0	0	0
31014	2013-03-04 14:22:58	38	0	0	0
31012	2013-03-04 14:25:23	38	0	0	0
31007	2013-03-04 14:28:27	38	0	0	0
31038	2013-03-04 14:30:13	38	0	0	0
31012	2013-03-04 14:31:37	38	0	0	0
31033	2013-03-04 14:31:57	38	0	0	0
31017	2013-03-04 14:34:41	38	0	0	0
31002	2013-03-04 14:35:09	38	0	0	0
31008	2013-03-04 14:40:07	38	0	0	0
31004	2013-03-04 14:47:09	38	0	0	0
31034	2013-03-04 14:47:48	38	0	0	0
31028	2013-03-04 14:48:45	38	0	0	0
31037	2013-03-04 14:50:21	38	0	0	0
31036	2013-03-04 15:22:14	38	0	0	0
31022	2013-03-04 15:22:23	38	0	0	0
31016	2013-03-04 16:15:27	38	0	0	0
31011	2013-03-04 16:47:06	38	0	0	0
31018	2013-03-04 17:14:45	38	0	0	0
31038	2013-03-05 06:55:12	38	0	0	0
31029	2013-03-05 06:57:32	38	0	0	0
31034	2013-03-05 07:04:46	38	0	0	0
31022	2013-03-05 07:17:27	38	0	0	0
31016	2013-03-05 07:40:18	38	0	0	0
31014	2013-03-05 07:59:34	38	0	0	0
31017	2013-03-05 08:00:36	38	0	0	0
31023	2013-03-05 08:27:03	38	0	0	0
31036	2013-03-05 08:37:51	38	0	0	0
31011	2013-03-05 08:56:54	38	0	0	0
31004	2013-03-05 08:57:02	38	0	0	0
31037	2013-03-05 08:57:08	38	0	0	0
31027	2013-03-05 09:04:03	38	0	0	0
31010	2013-03-05 09:07:36	38	0	0	0
31020	2013-03-05 09:09:59	38	0	0	0
31012	2013-03-05 09:38:41	38	0	0	0
31015	2013-03-05 09:41:07	38	0	0	0
31007	2013-03-05 10:05:15	38	0	0	0
31004	2013-03-05 13:55:29	38	0	0	0
31028	2013-03-05 13:59:04	38	0	0	0
31020	2013-03-05 14:01:02	38	0	0	0
31037	2013-03-05 14:02:15	38	0	0	0
31033	2013-03-05 14:19:29	38	0	0	0
31027	2013-03-05 14:20:21	38	0	0	0
31017	2013-03-05 14:22:57	38	0	0	0
31036	2013-03-05 14:28:40	38	0	0	0
31038	2013-03-05 15:01:52	38	0	0	0
31022	2013-03-05 15:32:20	38	0	0	0
31011	2013-03-05 15:53:45	38	0	0	0
31018	2013-03-05 19:02:23	38	0	0	0
31018	2013-03-06 07:13:24	38	0	0	0
31034	2013-03-06 07:18:20	38	0	0	0
31022	2013-03-06 07:27:13	38	0	0	0
31004	2013-03-06 07:34:40	38	0	0	0
31038	2013-03-06 07:37:02	38	0	0	0
31027	2013-03-06 07:42:40	38	0	0	0
31033	2013-03-06 08:04:02	38	0	0	0
31035	2013-03-06 08:17:31	38	0	0	0
31014	2013-03-06 08:17:53	38	0	0	0
31020	2013-03-06 08:30:12	38	0	0	0
31036	2013-03-06 08:30:52	38	0	0	0
31008	2013-03-06 08:35:19	38	0	0	0
31007	2013-03-06 08:40:48	38	0	0	0
31011	2013-03-06 08:51:05	38	0	0	0
31002	2013-03-06 09:08:27	38	0	0	0
31010	2013-03-06 09:23:24	38	0	0	0
31017	2013-03-06 09:31:14	38	0	0	0
31037	2013-03-06 09:36:50	38	0	0	0
31029	2013-03-06 09:38:02	38	0	0	0
31023	2013-03-06 09:43:38	38	0	0	0
31015	2013-03-06 09:58:55	38	0	0	0
31026	2013-03-06 09:59:29	38	0	0	0
31006	2013-03-06 10:44:42	38	0	0	0
31013	2013-03-06 10:49:47	38	0	0	0
31032	2013-03-06 12:52:40	38	0	0	0
31026	2013-03-06 12:53:09	38	0	0	0
31037	2013-03-06 12:54:57	38	0	0	0
31029	2013-03-06 12:55:28	38	0	0	0
31027	2013-03-06 12:56:44	38	0	0	0
31007	2013-03-06 13:26:35	38	0	0	0
31017	2013-03-06 13:28:42	38	0	0	0
31006	2013-03-06 13:30:02	38	0	0	0
31014	2013-03-06 13:51:06	38	0	0	0
31023	2013-03-06 13:54:54	38	0	0	0
31035	2013-03-06 14:07:51	38	0	0	0
31038	2013-03-06 14:10:33	38	0	0	0
31020	2013-03-06 14:31:03	38	0	0	0
31004	2013-03-06 14:31:36	38	0	0	0
31033	2013-03-06 14:31:43	38	0	0	0
31028	2013-03-06 14:31:49	38	0	0	0
31020	2013-03-06 14:32:34	38	0	0	0
31036	2013-03-06 14:33:06	38	0	0	0
31022	2013-03-06 14:41:38	38	0	0	0
31018	2013-03-06 14:56:51	38	0	0	0
31002	2013-03-06 15:21:51	38	0	0	0
31018	2013-03-06 15:37:50	38	0	0	0
31011	2013-03-06 16:04:01	38	0	0	0
31004	2013-03-07 07:22:06	38	0	0	0
31038	2013-03-07 07:24:23	38	0	0	0
31035	2013-03-07 07:41:22	38	0	0	0
31018	2013-03-07 07:49:18	38	0	0	0
31014	2013-03-07 08:10:44	38	0	0	0
31034	2013-03-07 08:11:10	38	0	0	0
31033	2013-03-07 08:16:02	38	0	0	0
31027	2013-03-07 08:24:14	38	0	0	0
31020	2013-03-07 08:40:13	38	0	0	0
31007	2013-03-07 08:54:39	38	0	0	0
31022	2013-03-07 08:55:23	38	0	0	0
31008	2013-03-07 09:01:07	38	0	0	0
31028	2013-03-07 09:02:32	38	0	0	0
31026	2013-03-07 09:02:45	38	0	0	0
31029	2013-03-07 09:09:00	38	0	0	0
31032	2013-03-07 09:09:48	38	0	0	0
31037	2013-03-07 09:10:34	38	0	0	0
31036	2013-03-07 09:17:23	38	0	0	0
31013	2013-03-07 09:29:06	38	0	0	0
31010	2013-03-07 09:29:20	38	0	0	0
31023	2013-03-07 09:29:33	38	0	0	0
31015	2013-03-07 09:35:04	38	0	0	0
31016	2013-03-07 09:36:15	38	0	0	0
31012	2013-03-07 09:50:09	38	0	0	0
31002	2013-03-07 10:05:19	38	0	0	0
31029	2013-03-07 13:15:36	38	0	0	0
31014	2013-03-07 13:23:40	38	0	0	0
31007	2013-03-07 13:23:48	38	0	0	0
31023	2013-03-07 13:32:14	38	0	0	0
31020	2013-03-07 13:32:38	38	0	0	0
31026	2013-03-07 13:51:07	38	0	0	0
31038	2013-03-07 13:55:17	38	0	0	0
31022	2013-03-07 14:08:13	38	0	0	0
31027	2013-03-07 14:20:01	38	0	0	0
31017	2013-03-07 14:21:21	38	0	0	0
31002	2013-03-07 14:39:05	38	0	0	0
31034	2013-03-07 14:39:28	38	0	0	0
31033	2013-03-07 14:39:55	38	0	0	0
31006	2013-03-07 14:41:25	38	0	0	0
31004	2013-03-07 14:51:02	38	0	0	0
31035	2013-03-07 15:02:25	38	0	0	0
31012	2013-03-07 15:35:22	38	0	0	0
31004	2013-03-08 07:15:11	38	0	0	0
31020	2013-03-08 07:31:25	38	0	0	0
31038	2013-03-08 07:38:34	38	0	0	0
31022	2013-03-08 08:11:15	38	0	0	0
31033	2013-03-08 08:12:05	38	0	0	0
31007	2013-03-08 08:20:57	38	0	0	0
31008	2013-03-08 08:57:36	38	0	0	0
31006	2013-03-08 09:34:42	38	0	0	0
31017	2013-03-08 09:51:57	38	0	0	0
31002	2013-03-08 10:40:06	38	0	0	0
31029	2013-03-08 11:14:48	38	0	0	0
31037	2013-03-08 11:14:53	38	0	0	0
31026	2013-03-08 11:15:26	38	0	0	0
31004	2013-03-08 14:01:09	38	0	0	0
31018	2013-03-08 14:12:00	38	0	0	0
31016	2013-03-08 15:21:00	38	0	0	0
31038	2013-03-08 15:30:05	38	0	0	0
31035	2013-03-08 16:13:56	38	0	0	0
31019	2013-03-08 17:29:04	38	0	0	0
31038	2013-03-11 07:03:56	38	0	0	0
31022	2013-03-11 07:19:38	38	0	0	0
31009	2013-03-11 07:28:46	38	0	0	0
31017	2013-03-11 07:45:23	38	0	0	0
31010	2013-03-11 07:49:48	38	0	0	0
31023	2013-03-11 07:58:32	38	0	0	0
31029	2013-03-11 07:59:26	38	0	0	0
31014	2013-03-11 07:59:56	38	0	0	0
31011	2013-03-11 08:12:01	38	0	0	0
31020	2013-03-11 08:12:07	38	0	0	0
31007	2013-03-11 08:14:42	38	0	0	0
31002	2013-03-11 08:20:00	38	0	0	0
31018	2013-03-11 08:21:49	38	0	0	0
31008	2013-03-11 08:27:32	38	0	0	0
31012	2013-03-11 09:03:59	38	0	0	0
31026	2013-03-11 09:04:18	38	0	0	0
31033	2013-03-11 09:07:24	38	0	0	0
31036	2013-03-11 09:19:27	38	0	0	0
31028	2013-03-11 09:19:35	38	0	0	0
31027	2013-03-11 09:42:43	38	0	0	0
31037	2013-03-11 09:43:19	38	0	0	0
31032	2013-03-11 10:28:16	38	0	0	0
31013	2013-03-11 10:42:51	38	0	0	0
31001	2013-03-11 10:53:29	38	0	0	0
31016	2013-03-11 10:58:58	38	0	0	0
31037	2013-03-11 14:26:57	38	0	0	0
31022	2013-03-11 14:27:06	38	0	0	0
31014	2013-03-11 14:29:55	38	0	0	0
31010	2013-03-11 14:30:03	38	0	0	0
31013	2013-03-11 14:30:11	38	0	0	0
31007	2013-03-11 14:32:15	38	0	0	0
31009	2013-03-11 14:44:05	38	0	0	0
31020	2013-03-11 14:57:37	38	0	0	0
31027	2013-03-11 14:59:12	38	0	0	0
31031	2013-03-11 14:59:27	38	0	0	0
31017	2013-03-11 14:59:42	38	0	0	0
31002	2013-03-11 15:00:20	38	0	0	0
31001	2013-03-11 15:09:00	38	0	0	0
31011	2013-03-11 15:17:35	38	0	0	0
31038	2013-03-11 15:18:47	38	0	0	0
31004	2013-03-11 17:19:03	38	0	0	0
31018	2013-03-11 17:21:56	38	0	0	0
31016	2013-03-11 18:08:28	38	0	0	0
31009	2013-03-13 07:01:02	38	0	0	0
31036	2013-03-13 07:33:35	38	0	0	0
31033	2013-03-13 07:46:35	38	0	0	0
31004	2013-03-13 07:48:18	38	0	0	0
31018	2013-03-13 07:49:47	38	0	0	0
31001	2013-03-13 07:51:37	38	0	0	0
31038	2013-03-13 07:52:30	38	0	0	0
31023	2013-03-13 08:06:05	38	0	0	0
31027	2013-03-13 08:06:16	38	0	0	0
31032	2013-03-13 08:14:49	38	0	0	0
31037	2013-03-13 08:25:38	38	0	0	0
31029	2013-03-13 08:37:51	38	0	0	0
31007	2013-03-13 08:39:22	38	0	0	0
31014	2013-03-13 08:58:12	38	0	0	0
31015	2013-03-13 08:58:41	38	0	0	0
31031	2013-03-13 08:58:49	38	0	0	0
31026	2013-03-13 09:09:19	38	0	0	0
31022	2013-03-13 09:16:03	38	0	0	0
31020	2013-03-13 09:17:04	38	0	0	0
31010	2013-03-13 09:23:10	38	0	0	0
31017	2013-03-13 09:24:07	38	0	0	0
31002	2013-03-13 09:31:36	38	0	0	0
31016	2013-03-13 10:03:30	38	0	0	0
31006	2013-03-13 10:23:24	38	0	0	0
31011	2013-03-13 10:38:18	38	0	0	0
31020	2013-03-13 11:46:38	38	0	0	0
31023	2013-03-13 13:54:20	38	0	0	0
31022	2013-03-13 14:02:09	38	0	0	0
31019	2013-03-13 14:02:20	38	0	0	0
31018	2013-03-13 14:06:18	38	0	0	0
31038	2013-03-13 14:07:24	38	0	0	0
31006	2013-03-13 14:07:31	38	0	0	0
31002	2013-03-13 14:22:25	38	0	0	0
31017	2013-03-13 14:26:19	38	0	0	0
31027	2013-03-13 15:03:59	38	0	0	0
31009	2013-03-13 15:08:22	38	0	0	0
31033	2013-03-13 15:12:55	38	0	0	0
31012	2013-03-13 15:13:26	38	0	0	0
31036	2013-03-13 16:01:28	38	0	0	0
31011	2013-03-13 16:03:22	38	0	0	0
31018	2013-03-14 06:58:14	38	0	0	0
31009	2013-03-14 07:18:53	38	0	0	0
31004	2013-03-14 07:20:16	38	0	0	0
31035	2013-03-14 07:56:41	38	0	0	0
31033	2013-03-14 08:11:51	38	0	0	0
31027	2013-03-14 08:16:20	38	0	0	0
31020	2013-03-14 08:18:53	38	0	0	0
31017	2013-03-14 08:26:00	38	0	0	0
31037	2013-03-14 08:47:56	38	0	0	0
31023	2013-03-14 08:56:06	38	0	0	0
31008	2013-03-14 09:09:18	38	0	0	0
31036	2013-03-14 09:09:27	38	0	0	0
31007	2013-03-14 09:11:02	38	0	0	0
31011	2013-03-14 09:15:38	38	0	0	0
31029	2013-03-14 09:16:14	38	0	0	0
31026	2013-03-14 09:25:26	38	0	0	0
31038	2013-03-14 10:19:46	38	0	0	0
31032	2013-03-14 10:30:03	38	0	0	0
31019	2013-03-14 10:30:55	38	0	0	0
31016	2013-03-14 11:07:00	38	0	0	0
31026	2013-03-14 12:53:34	38	0	0	0
31029	2013-03-14 12:53:42	38	0	0	0
31014	2013-03-14 13:28:49	38	0	0	0
31038	2013-03-14 13:52:47	38	0	0	0
31032	2013-03-14 13:55:44	38	0	0	0
31033	2013-03-14 14:45:59	38	0	0	0
31017	2013-03-14 14:46:23	38	0	0	0
31020	2013-03-14 14:46:59	38	0	0	0
31035	2013-03-14 14:58:14	38	0	0	0
31008	2013-03-14 14:58:25	38	0	0	0
31004	2013-03-14 15:02:55	38	0	0	0
31023	2013-03-14 15:05:45	38	0	0	0
31009	2013-03-14 15:41:24	38	0	0	0
31036	2013-03-14 16:26:33	38	0	0	0
31011	2013-03-14 16:27:02	38	0	0	0
31016	2013-03-14 17:24:43	38	0	0	0
31018	2013-03-15 06:49:27	38	0	0	0
31004	2013-03-15 07:35:28	38	0	0	0
31027	2013-03-15 07:54:00	38	0	0	0
31038	2013-03-15 07:54:27	38	0	0	0
31020	2013-03-15 07:56:11	38	0	0	0
31009	2013-03-15 08:15:23	38	0	0	0
31029	2013-03-15 08:15:39	38	0	0	0
31011	2013-03-15 08:27:11	38	0	0	0
31036	2013-03-15 08:29:33	38	0	0	0
31023	2013-03-15 08:34:08	38	0	0	0
31022	2013-03-15 08:35:19	38	0	0	0
31007	2013-03-15 09:00:13	38	0	0	0
31008	2013-03-15 09:03:45	38	0	0	0
31033	2013-03-15 09:08:58	38	0	0	0
31037	2013-03-15 09:14:24	38	0	0	0
31019	2013-03-15 09:28:54	38	0	0	0
31026	2013-03-15 09:29:36	38	0	0	0
31016	2013-03-15 09:30:55	38	0	0	0
31035	2013-03-15 09:33:17	38	0	0	0
31032	2013-03-15 09:33:28	38	0	0	0
31013	2013-03-15 09:43:46	38	0	0	0
31017	2013-03-15 09:46:10	38	0	0	0
31014	2013-03-15 10:07:22	38	0	0	0
31026	2013-03-15 12:57:00	38	0	0	0
31019	2013-03-15 13:12:39	38	0	0	0
31022	2013-03-15 13:12:45	38	0	0	0
31023	2013-03-15 13:14:07	38	0	0	0
31023	2013-03-15 14:00:53	38	0	0	0
31033	2013-03-15 14:01:32	38	0	0	0
31032	2013-03-15 14:11:54	38	0	0	0
31014	2013-03-15 14:12:03	38	0	0	0
31037	2013-03-15 14:13:45	38	0	0	0
31020	2013-03-15 14:29:33	38	0	0	0
31035	2013-03-15 14:30:46	38	0	0	0
31036	2013-03-15 15:10:07	38	0	0	0
31038	2013-03-15 15:10:46	38	0	0	0
31017	2013-03-15 15:11:21	38	0	0	0
31027	2013-03-15 15:11:29	38	0	0	0
31009	2013-03-15 15:32:16	38	0	0	0
31016	2013-03-15 16:37:12	38	0	0	0
31011	2013-03-15 17:11:22	38	0	0	0
  100	2013-03-16 14:48:16	38	0	0	0
  100	2013-03-16 14:48:39	38	0	0	0
31009	2013-03-18 07:29:43	38	0	0	0
31018	2013-03-18 07:32:19	38	0	0	0
31029	2013-03-18 07:58:37	38	0	0	0
31033	2013-03-18 07:59:38	38	0	0	0
31027	2013-03-18 07:59:47	38	0	0	0
31014	2013-03-18 07:59:55	38	0	0	0
31035	2013-03-18 08:00:45	38	0	0	0
31015	2013-03-18 08:02:17	38	0	0	0
31036	2013-03-18 08:02:24	38	0	0	0
31017	2013-03-18 08:09:43	38	0	0	0
31037	2013-03-18 08:09:56	38	0	0	0
31038	2013-03-18 08:10:12	38	0	0	0
31007	2013-03-18 08:15:17	38	0	0	0
31020	2013-03-18 08:17:13	38	0	0	0
31028	2013-03-18 08:22:32	38	0	0	0
31011	2013-03-18 08:30:00	38	0	0	0
31008	2013-03-18 08:33:36	38	0	0	0
31023	2013-03-18 08:42:40	38	0	0	0
31004	2013-03-18 08:52:28	38	0	0	0
31001	2013-03-18 09:00:37	38	0	0	0
31032	2013-03-18 09:05:51	38	0	0	0
31026	2013-03-18 09:07:31	38	0	0	0
31010	2013-03-18 09:14:16	38	0	0	0
31002	2013-03-18 09:41:49	38	0	0	0
31022	2013-03-18 09:45:11	38	0	0	0
31019	2013-03-18 10:02:17	38	0	0	0
31012	2013-03-18 12:21:46	38	0	0	0
31020	2013-03-18 14:05:34	38	0	0	0
31027	2013-03-18 14:06:07	38	0	0	0
31001	2013-03-18 14:21:06	38	0	0	0
31017	2013-03-18 14:25:34	38	0	0	0
31002	2013-03-18 14:26:59	38	0	0	0
31028	2013-03-18 14:41:27	38	0	0	0
31033	2013-03-18 14:44:04	38	0	0	0
31023	2013-03-18 14:47:43	38	0	0	0
31019	2013-03-18 14:48:28	38	0	0	0
31009	2013-03-18 14:49:25	38	0	0	0
31038	2013-03-18 14:53:59	38	0	0	0
31029	2013-03-18 14:54:29	38	0	0	0
31007	2013-03-18 14:55:45	38	0	0	0
31004	2013-03-18 14:57:43	38	0	0	0
31036	2013-03-18 15:00:33	38	0	0	0
31010	2013-03-18 15:14:25	38	0	0	0
31011	2013-03-18 15:16:54	38	0	0	0
31016	2013-03-18 16:08:42	38	0	0	0
31012	2013-03-18 16:09:10	38	0	0	0
31032	2013-03-18 16:29:55	38	0	0	0
31004	2013-03-19 07:37:53	38	0	0	0
31001	2013-03-19 07:40:47	38	0	0	0
31022	2013-03-19 07:56:20	38	0	0	0
31033	2013-03-19 07:56:25	38	0	0	0
31035	2013-03-19 08:16:08	38	0	0	0
31038	2013-03-19 08:22:51	38	0	0	0
31018	2013-03-19 08:23:42	38	0	0	0
31027	2013-03-19 08:25:16	38	0	0	0
31009	2013-03-19 08:27:30	38	0	0	0
31021	2013-03-19 08:28:28	38	0	0	0
31029	2013-03-19 08:30:06	38	0	0	0
31020	2013-03-19 08:32:47	38	0	0	0
31008	2013-03-19 08:38:43	38	0	0	0
31007	2013-03-19 08:52:22	38	0	0	0
31014	2013-03-19 08:57:25	38	0	0	0
31028	2013-03-19 08:59:35	38	0	0	0
31036	2013-03-19 09:02:48	38	0	0	0
31037	2013-03-19 09:05:01	38	0	0	0
31010	2013-03-19 09:08:37	38	0	0	0
31026	2013-03-19 09:18:39	38	0	0	0
31012	2013-03-19 09:46:15	38	0	0	0
31017	2013-03-19 09:47:18	38	0	0	0
31037	2013-03-19 13:53:14	38	0	0	0
31029	2013-03-19 14:33:26	38	0	0	0
31027	2013-03-19 14:43:47	38	0	0	0
31035	2013-03-19 14:44:04	38	0	0	0
31028	2013-03-19 14:45:31	38	0	0	0
31017	2013-03-19 14:47:48	38	0	0	0
31038	2013-03-19 14:49:01	38	0	0	0
31006	2013-03-19 14:51:00	38	0	0	0
31004	2013-03-19 14:51:11	38	0	0	0
31019	2013-03-19 14:51:22	38	0	0	0
31009	2013-03-19 15:05:11	38	0	0	0
31015	2013-03-19 15:10:32	38	0	0	0
31033	2013-03-19 15:18:46	38	0	0	0
31012	2013-03-19 15:19:13	38	0	0	0
31018	2013-03-19 16:26:29	38	0	0	0
31004	2013-03-20 07:50:44	38	0	0	0
31033	2013-03-20 08:03:04	38	0	0	0
31036	2013-03-20 08:13:51	38	0	0	0
31027	2013-03-20 08:22:02	38	0	0	0
31008	2013-03-20 08:23:18	38	0	0	0
31038	2013-03-20 08:24:43	38	0	0	0
31009	2013-03-20 08:26:31	38	0	0	0
31016	2013-03-20 08:26:57	38	0	0	0
31029	2013-03-20 08:29:40	38	0	0	0
31021	2013-03-20 08:30:29	38	0	0	0
31023	2013-03-20 08:32:53	38	0	0	0
31020	2013-03-20 08:36:05	38	0	0	0
31035	2013-03-20 08:38:42	38	0	0	0
31007	2013-03-20 08:42:42	38	0	0	0
31026	2013-03-20 08:42:49	38	0	0	0
31011	2013-03-20 09:04:18	38	0	0	0
31015	2013-03-20 09:06:13	38	0	0	0
31028	2013-03-20 09:06:31	38	0	0	0
31022	2013-03-20 09:12:35	38	0	0	0
31032	2013-03-20 09:24:31	38	0	0	0
31013	2013-03-20 11:16:14	38	0	0	0
31006	2013-03-20 11:19:57	38	0	0	0
31026	2013-03-20 12:39:31	38	0	0	0
31026	2013-03-20 13:23:10	38	0	0	0
31009	2013-03-20 13:42:52	38	0	0	0
31002	2013-03-20 13:50:38	38	0	0	0
31020	2013-03-20 13:51:03	38	0	0	0
31027	2013-03-20 13:51:14	38	0	0	0
31035	2013-03-20 13:51:21	38	0	0	0
31006	2013-03-20 13:51:50	38	0	0	0
31036	2013-03-20 14:00:27	38	0	0	0
31028	2013-03-20 14:00:33	38	0	0	0
31038	2013-03-20 14:03:13	38	0	0	0
31017	2013-03-20 14:06:19	38	0	0	0
31023	2013-03-20 14:07:19	38	0	0	0
31033	2013-03-20 14:12:00	38	0	0	0
31013	2013-03-20 14:14:16	38	0	0	0
31019	2013-03-20 14:17:55	38	0	0	0
31010	2013-03-20 14:50:20	38	0	0	0
31011	2013-03-20 15:22:49	38	0	0	0
31026	2013-03-20 15:24:50	38	0	0	0
31029	2013-03-20 15:25:00	38	0	0	0
31016	2013-03-20 16:26:23	38	0	0	0
31018	2013-03-21 07:11:15	38	0	0	0
31001	2013-03-21 07:44:41	38	0	0	0
31009	2013-03-21 07:50:24	38	0	0	0
31021	2013-03-21 08:02:41	38	0	0	0
31020	2013-03-21 08:16:14	38	0	0	0
31033	2013-03-21 08:20:30	38	0	0	0
31004	2013-03-21 08:23:33	38	0	0	0
31038	2013-03-21 08:23:45	38	0	0	0
31023	2013-03-21 08:42:11	38	0	0	0
31029	2013-03-21 08:46:49	38	0	0	0
31007	2013-03-21 08:49:38	38	0	0	0
31027	2013-03-21 08:51:30	38	0	0	0
31037	2013-03-21 08:58:20	38	0	0	0
31036	2013-03-21 09:09:06	38	0	0	0
31008	2013-03-21 09:10:18	38	0	0	0
31035	2013-03-21 09:15:44	38	0	0	0
31028	2013-03-21 09:25:10	38	0	0	0
31026	2013-03-21 09:36:17	38	0	0	0
31015	2013-03-21 09:47:14	38	0	0	0
31010	2013-03-21 10:07:02	38	0	0	0
31019	2013-03-21 10:07:31	38	0	0	0
31032	2013-03-21 10:33:29	38	0	0	0
31022	2013-03-21 10:35:41	38	0	0	0
31017	2013-03-21 10:46:03	38	0	0	0
31012	2013-03-21 10:46:57	38	0	0	0
31023	2013-03-21 13:27:51	38	0	0	0
31020	2013-03-21 13:35:48	38	0	0	0
31037	2013-03-21 14:11:51	38	0	0	0
31027	2013-03-21 14:39:04	38	0	0	0
31021	2013-03-21 14:39:39	38	0	0	0
31017	2013-03-21 14:39:53	38	0	0	0
31010	2013-03-21 14:40:02	38	0	0	0
31033	2013-03-21 14:40:22	38	0	0	0
31038	2013-03-21 15:14:52	38	0	0	0
31019	2013-03-21 15:38:15	38	0	0	0
31035	2013-03-21 15:45:30	38	0	0	0
31012	2013-03-21 15:45:42	38	0	0	0
31028	2013-03-21 15:47:35	38	0	0	0
31036	2013-03-21 15:48:05	38	0	0	0
31018	2013-03-21 16:07:31	38	0	0	0
31035	2013-03-21 16:11:43	38	0	0	0
31016	2013-03-21 16:45:48	38	0	0	0
31004	2013-03-22 07:25:04	38	0	0	0
31001	2013-03-22 07:49:41	38	0	0	0
31038	2013-03-22 08:05:37	38	0	0	0
31020	2013-03-22 08:06:27	38	0	0	0
31009	2013-03-22 08:18:28	38	0	0	0
31033	2013-03-22 08:22:04	38	0	0	0
31027	2013-03-22 08:26:21	38	0	0	0
31036	2013-03-22 08:28:42	38	0	0	0
31035	2013-03-22 08:30:50	38	0	0	0
31007	2013-03-22 08:43:18	38	0	0	0
31021	2013-03-22 08:43:29	38	0	0	0
31019	2013-03-22 08:48:40	38	0	0	0
31022	2013-03-22 08:55:01	38	0	0	0
31032	2013-03-22 08:57:52	38	0	0	0
31026	2013-03-22 08:59:14	38	0	0	0
31018	2013-03-22 08:59:31	38	0	0	0
31037	2013-03-22 09:11:49	38	0	0	0
31011	2013-03-22 09:24:26	38	0	0	0
31023	2013-03-22 09:39:56	38	0	0	0
31029	2013-03-22 09:47:10	38	0	0	0
31002	2013-03-22 10:30:15	38	0	0	0
31017	2013-03-22 10:34:11	38	0	0	0
31012	2013-03-22 10:35:35	38	0	0	0
31010	2013-03-22 11:09:36	38	0	0	0
31016	2013-03-22 11:58:54	38	0	0	0
31026	2013-03-22 13:28:07	38	0	0	0
31031	2013-03-22 13:42:35	38	0	0	0
31031	2013-03-22 13:42:43	38	0	0	0
31014	2013-03-22 13:54:19	38	0	0	0
31026	2013-03-22 13:54:26	38	0	0	0
31023	2013-03-22 13:54:54	38	0	0	0
31036	2013-03-22 14:05:46	38	0	0	0
31037	2013-03-22 14:06:05	38	0	0	0
31009	2013-03-22 14:10:40	38	0	0	0
31010	2013-03-22 14:10:45	38	0	0	0
31032	2013-03-22 14:26:29	38	0	0	0
31033	2013-03-22 14:26:52	38	0	0	0
31023	2013-03-22 14:30:39	38	0	0	0
31017	2013-03-22 14:40:13	38	0	0	0
31002	2013-03-22 14:53:18	38	0	0	0
31029	2013-03-22 15:02:15	38	0	0	0
31035	2013-03-22 15:06:30	38	0	0	0
31035	2013-03-22 15:55:03	38	0	0	0
31012	2013-03-22 16:09:27	38	0	0	0
31016	2013-03-22 16:09:52	38	0	0	0
31038	2013-03-22 16:25:57	38	0	0	0
  100	2013-03-22 16:33:34	38	0	0	0
31019	2013-03-22 17:14:06	38	0	0	0
31018	2013-03-22 18:24:35	38	0	0	0
31011	2013-03-22 18:31:02	38	0	0	0
31011	2013-03-22 18:36:17	38	0	0	0
31018	2013-03-25 06:32:43	38	0	0	0
31009	2013-03-25 07:04:29	38	0	0	0
31001	2013-03-25 07:23:12	38	0	0	0
31015	2013-03-25 08:00:30	38	0	0	0
31004	2013-03-25 08:01:11	38	0	0	0
31033	2013-03-25 08:01:19	38	0	0	0
31027	2013-03-25 08:05:40	38	0	0	0
31037	2013-03-25 08:05:47	38	0	0	0
31038	2013-03-25 08:05:58	38	0	0	0
31022	2013-03-25 08:06:34	38	0	0	0
31007	2013-03-25 08:13:33	38	0	0	0
31036	2013-03-25 08:25:49	38	0	0	0
31035	2013-03-25 08:26:10	38	0	0	0
31019	2013-03-25 08:29:15	38	0	0	0
31020	2013-03-25 08:39:11	38	0	0	0
31008	2013-03-25 08:45:42	38	0	0	0
31023	2013-03-25 08:50:28	38	0	0	0
31026	2013-03-25 08:52:46	38	0	0	0
31002	2013-03-25 09:00:14	38	0	0	0
31010	2013-03-25 09:37:32	38	0	0	0
31016	2013-03-25 09:37:51	38	0	0	0
31032	2013-03-25 09:58:27	38	0	0	0
31006	2013-03-25 13:16:37	38	0	0	0
31019	2013-03-25 14:04:44	38	0	0	0
31002	2013-03-25 14:33:13	38	0	0	0
31035	2013-03-25 14:34:03	38	0	0	0
31033	2013-03-25 14:34:11	38	0	0	0
31038	2013-03-25 14:35:14	38	0	0	0
31020	2013-03-25 14:35:21	38	0	0	0
31027	2013-03-25 14:35:45	38	0	0	0
31037	2013-03-25 14:36:22	38	0	0	0
31001	2013-03-25 14:39:15	38	0	0	0
31018	2013-03-25 14:41:10	38	0	0	0
31008	2013-03-25 14:41:16	38	0	0	0
31016	2013-03-25 14:59:25	38	0	0	0
31010	2013-03-25 15:02:30	38	0	0	0
31009	2013-03-25 15:39:45	38	0	0	0
31018	2013-03-26 07:27:21	38	0	0	0
31001	2013-03-26 08:16:07	38	0	0	0
31035	2013-03-26 08:16:20	38	0	0	0
31004	2013-03-26 08:27:43	38	0	0	0
31008	2013-03-26 08:28:41	38	0	0	0
31033	2013-03-26 08:41:55	38	0	0	0
31038	2013-03-26 08:45:06	38	0	0	0
31007	2013-03-26 09:06:17	38	0	0	0
31013	2013-03-26 09:16:37	38	0	0	0
31037	2013-03-26 09:27:29	38	0	0	0
31020	2013-03-26 09:36:55	38	0	0	0
31036	2013-03-26 09:39:15	38	0	0	0
31015	2013-03-26 10:14:31	38	0	0	0
31002	2013-03-26 10:33:10	38	0	0	0
31011	2013-03-26 10:36:03	38	0	0	0
31023	2013-03-26 11:15:59	38	0	0	0
31010	2013-03-26 11:21:52	38	0	0	0
31023	2013-03-26 14:14:06	38	0	0	0
31004	2013-03-26 14:26:57	38	0	0	0
31002	2013-03-26 14:35:55	38	0	0	0
31035	2013-03-26 14:49:25	38	0	0	0
31033	2013-03-26 14:51:17	38	0	0	0
31017	2013-03-26 14:51:43	38	0	0	0
31020	2013-03-26 14:53:19	38	0	0	0
31038	2013-03-26 14:53:26	38	0	0	0
31037	2013-03-26 14:56:38	38	0	0	0
31028	2013-03-26 14:58:41	38	0	0	0
31012	2013-03-26 15:09:03	38	0	0	0
31018	2013-03-26 18:13:41	38	0	0	0
31036	2013-03-26 18:19:19	38	0	0	0
31011	2013-03-26 18:19:48	38	0	0	0
31004	2013-03-27 07:23:48	38	0	0	0
31015	2013-03-27 07:27:09	38	0	0	0
31009	2013-03-27 07:41:36	38	0	0	0
31001	2013-03-27 07:52:56	38	0	0	0
31032	2013-03-27 07:53:07	38	0	0	0
31033	2013-03-27 07:58:22	38	0	0	0
31027	2013-03-27 08:02:32	38	0	0	0
31018	2013-03-27 08:08:12	38	0	0	0
31035	2013-03-27 08:12:43	38	0	0	0
31014	2013-03-27 08:16:58	38	0	0	0
31038	2013-03-27 08:18:39	38	0	0	0
31036	2013-03-27 08:24:34	38	0	0	0
31008	2013-03-27 08:50:44	38	0	0	0
31007	2013-03-27 09:04:21	38	0	0	0
31026	2013-03-27 09:12:34	38	0	0	0
31022	2013-03-27 09:13:06	38	0	0	0
31019	2013-03-27 09:44:52	38	0	0	0
31037	2013-03-27 09:49:27	38	0	0	0
31016	2013-03-27 09:56:20	38	0	0	0
31020	2013-03-27 10:21:27	38	0	0	0
31013	2013-03-27 11:11:28	38	0	0	0
31002	2013-03-27 11:45:03	38	0	0	0
31008	2013-03-27 13:28:04	38	0	0	0
31001	2013-03-27 13:32:46	38	0	0	0
31020	2013-03-27 13:32:51	38	0	0	0
31004	2013-03-27 13:48:54	38	0	0	0
31027	2013-03-27 13:57:18	38	0	0	0
31032	2013-03-27 14:17:41	38	0	0	0
31019	2013-03-27 14:41:14	38	0	0	0
31017	2013-03-27 14:44:25	38	0	0	0
31010	2013-03-27 14:49:37	38	0	0	0
31033	2013-03-27 14:49:59	38	0	0	0
31038	2013-03-27 14:59:23	38	0	0	0
31037	2013-03-27 15:26:50	38	0	0	0
31012	2013-03-27 15:34:18	38	0	0	0
31036	2013-03-27 15:49:43	38	0	0	0
31018	2013-03-27 17:43:31	38	0	0	0
31004	2013-03-28 08:04:03	38	0	0	0
31033	2013-03-28 08:11:02	38	0	0	0
31015	2013-03-28 08:12:24	38	0	0	0
31001	2013-03-28 08:15:16	38	0	0	0
31036	2013-03-28 08:18:00	38	0	0	0
31027	2013-03-28 08:23:07	38	0	0	0
31014	2013-03-28 08:25:51	38	0	0	0
31009	2013-03-28 08:27:26	38	0	0	0
31023	2013-03-28 08:31:08	38	0	0	0
31019	2013-03-28 08:49:05	38	0	0	0
31008	2013-03-28 08:49:19	38	0	0	0
31007	2013-03-28 09:05:47	38	0	0	0
31016	2013-03-28 09:23:42	38	0	0	0
31002	2013-03-28 09:45:36	38	0	0	0
31037	2013-03-28 09:45:55	38	0	0	0
31022	2013-03-28 09:50:40	38	0	0	0
31021	2013-03-28 09:53:41	38	0	0	0
31018	2013-03-28 10:17:20	38	0	0	0
31011	2013-03-28 10:57:53	38	0	0	0
31009	2013-03-28 12:53:02	38	0	0	0
31033	2013-03-28 12:57:54	38	0	0	0
31037	2013-03-28 13:01:45	38	0	0	0
31019	2013-03-28 13:31:01	38	0	0	0
31027	2013-03-28 13:33:29	38	0	0	0
31021	2013-03-28 13:33:50	38	0	0	0
31032	2013-03-28 14:05:28	38	0	0	0
31035	2013-03-28 14:10:02	38	0	0	0
31036	2013-03-28 14:10:56	38	0	0	0
31004	2013-03-28 14:11:06	38	0	0	0
31017	2013-03-28 14:54:30	38	0	0	0
31011	2013-03-28 16:02:26	38	0	0	0
31035	2013-04-01 10:03:39	38	0	0	0
31018	2013-04-02 06:31:35	38	0	0	0
31004	2013-04-02 07:25:37	38	0	0	0
31035	2013-04-02 07:32:53	38	0	0	0
31038	2013-04-02 07:35:26	38	0	0	0
31036	2013-04-02 07:37:54	38	0	0	0
31001	2013-04-02 07:40:50	38	0	0	0
31022	2013-04-02 08:05:10	38	0	0	0
31033	2013-04-02 08:05:32	38	0	0	0
31009	2013-04-02 08:05:40	38	0	0	0
31023	2013-04-02 08:20:50	38	0	0	0
31037	2013-04-02 08:23:29	38	0	0	0
31027	2013-04-02 08:24:01	38	0	0	0
31014	2013-04-02 08:27:07	38	0	0	0
31032	2013-04-02 08:36:07	38	0	0	0
31021	2013-04-02 08:42:16	38	0	0	0
31019	2013-04-02 08:59:48	38	0	0	0
31008	2013-04-02 09:05:16	38	0	0	0
31013	2013-04-02 09:13:26	38	0	0	0
31015	2013-04-02 09:18:48	38	0	0	0
31011	2013-04-02 09:22:48	38	0	0	0
31026	2013-04-02 09:48:28	38	0	0	0
31010	2013-04-02 09:57:22	38	0	0	0
31009	2013-04-02 13:26:19	38	0	0	0
31038	2013-04-02 14:08:20	38	0	0	0
31010	2013-04-02 14:12:30	38	0	0	0
31013	2013-04-02 14:18:13	38	0	0	0
31027	2013-04-02 14:19:27	38	0	0	0
31026	2013-04-02 14:30:53	38	0	0	0
31002	2013-04-02 15:06:06	38	0	0	0
31037	2013-04-02 15:12:09	38	0	0	0
31036	2013-04-02 15:14:16	38	0	0	0
31035	2013-04-02 15:51:32	38	0	0	0
31017	2013-04-02 15:52:34	38	0	0	0
31019	2013-04-02 15:56:40	38	0	0	0
31033	2013-04-02 16:00:04	38	0	0	0
31012	2013-04-02 16:17:15	38	0	0	0
31035	2013-04-02 16:33:20	38	0	0	0
31035	2013-04-02 16:41:10	38	0	0	0
31004	2013-04-03 07:06:05	38	0	0	0
31001	2013-04-03 07:51:24	38	0	0	0
31033	2013-04-03 07:54:53	38	0	0	0
31014	2013-04-03 08:00:01	38	0	0	0
31036	2013-04-03 08:26:18	38	0	0	0
31027	2013-04-03 08:36:17	38	0	0	0
31037	2013-04-03 08:36:27	38	0	0	0
31019	2013-04-03 08:36:43	38	0	0	0
31009	2013-04-03 08:37:48	38	0	0	0
31007	2013-04-03 08:43:39	38	0	0	0
31022	2013-04-03 08:43:56	38	0	0	0
31010	2013-04-03 08:45:03	38	0	0	0
31023	2013-04-03 08:45:58	38	0	0	0
31016	2013-04-03 08:46:27	38	0	0	0
31035	2013-04-03 08:57:09	38	0	0	0
31020	2013-04-03 09:01:55	38	0	0	0
31008	2013-04-03 09:10:45	38	0	0	0
31038	2013-04-03 09:17:32	38	0	0	0
31015	2013-04-03 09:23:41	38	0	0	0
31017	2013-04-03 09:53:51	38	0	0	0
31012	2013-04-03 09:54:31	38	0	0	0
31032	2013-04-03 10:11:04	38	0	0	0
31002	2013-04-03 11:33:26	38	0	0	0
31021	2013-04-03 12:56:35	38	0	0	0
31009	2013-04-03 12:58:43	38	0	0	0
31035	2013-04-03 13:00:25	38	0	0	0
31014	2013-04-03 13:13:49	38	0	0	0
31032	2013-04-03 13:13:56	38	0	0	0
31027	2013-04-03 13:14:04	38	0	0	0
31029	2013-04-03 13:14:13	38	0	0	0
31037	2013-04-03 13:41:54	38	0	0	0
31018	2013-04-03 13:45:16	38	0	0	0
31023	2013-04-03 14:01:58	38	0	0	0
31012	2013-04-03 15:04:32	38	0	0	0
31033	2013-04-03 15:04:37	38	0	0	0
31019	2013-04-03 15:04:45	38	0	0	0
31017	2013-04-03 15:05:24	38	0	0	0
31036	2013-04-03 15:26:50	38	0	0	0
31022	2013-04-03 15:27:09	38	0	0	0
31016	2013-04-03 16:50:28	38	0	0	0
31035	2013-04-03 17:06:41	38	0	0	0
31038	2013-04-03 18:19:28	38	0	0	0
31018	2013-04-04 06:59:23	38	0	0	0
31004	2013-04-04 07:24:04	38	0	0	0
31004	2013-04-04 07:34:27	38	0	0	0
31015	2013-04-04 07:43:30	38	0	0	0
31038	2013-04-04 07:53:39	38	0	0	0
31020	2013-04-04 07:53:45	38	0	0	0
31033	2013-04-04 08:02:20	38	0	0	0
31014	2013-04-04 08:08:09	38	0	0	0
31027	2013-04-04 08:29:35	38	0	0	0
31007	2013-04-04 08:40:30	38	0	0	0
31023	2013-04-04 09:06:17	38	0	0	0
31008	2013-04-04 09:08:42	38	0	0	0
31036	2013-04-04 09:09:17	38	0	0	0
31009	2013-04-04 09:18:10	38	0	0	0
31037	2013-04-04 09:22:20	38	0	0	0
31026	2013-04-04 09:26:42	38	0	0	0
31021	2013-04-04 09:58:48	38	0	0	0
31011	2013-04-04 10:00:19	38	0	0	0
31029	2013-04-04 10:07:14	38	0	0	0
31010	2013-04-04 10:19:32	38	0	0	0
31032	2013-04-04 10:30:50	38	0	0	0
31002	2013-04-04 10:45:28	38	0	0	0
31013	2013-04-04 11:07:37	38	0	0	0
31022	2013-04-04 11:07:50	38	0	0	0
31035	2013-04-04 11:16:00	38	0	0	0
31013	2013-04-04 12:32:32	38	0	0	0
31029	2013-04-04 12:45:09	38	0	0	0
31010	2013-04-04 13:44:48	38	0	0	0
31023	2013-04-04 13:59:24	38	0	0	0
31008	2013-04-04 14:17:53	38	0	0	0
31019	2013-04-04 14:19:18	38	0	0	0
31032	2013-04-04 14:21:54	38	0	0	0
31009	2013-04-04 14:23:01	38	0	0	0
31027	2013-04-04 14:23:12	38	0	0	0
31033	2013-04-04 14:47:52	38	0	0	0
31037	2013-04-04 14:54:13	38	0	0	0
31016	2013-04-04 17:06:07	38	0	0	0
31038	2013-04-04 19:16:03	38	0	0	0
31018	2013-04-05 00:46:14	38	0	0	0
31004	2013-04-05 07:29:52	38	0	0	0
31020	2013-04-05 08:10:49	38	0	0	0
31014	2013-04-05 08:24:01	38	0	0	0
31032	2013-04-05 08:25:43	38	0	0	0
31008	2013-04-05 08:31:12	38	0	0	0
31022	2013-04-05 08:44:02	38	0	0	0
31035	2013-04-05 08:54:38	38	0	0	0
31037	2013-04-05 08:54:44	38	0	0	0
31009	2013-04-05 09:00:42	38	0	0	0
31036	2013-04-05 09:02:31	38	0	0	0
31038	2013-04-05 09:18:06	38	0	0	0
31023	2013-04-05 09:22:24	38	0	0	0
31033	2013-04-05 09:24:03	38	0	0	0
31015	2013-04-05 09:32:59	38	0	0	0
31029	2013-04-05 09:35:59	38	0	0	0
31010	2013-04-05 10:01:20	38	0	0	0
31016	2013-04-05 10:08:17	38	0	0	0
31007	2013-04-05 10:20:37	38	0	0	0
31026	2013-04-05 10:22:02	38	0	0	0
31013	2013-04-05 10:23:40	38	0	0	0
31033	2013-04-05 12:25:53	38	0	0	0
31008	2013-04-05 12:59:52	38	0	0	0
31009	2013-04-05 13:34:48	38	0	0	0
31032	2013-04-05 13:34:58	38	0	0	0
31037	2013-04-05 13:59:21	38	0	0	0
31036	2013-04-05 15:02:20	38	0	0	0
31022	2013-04-05 15:03:02	38	0	0	0
31035	2013-04-05 15:06:46	38	0	0	0
31029	2013-04-05 15:25:41	38	0	0	0
31038	2013-04-05 15:29:23	38	0	0	0
31023	2013-04-05 15:52:55	38	0	0	0
31016	2013-04-05 15:53:26	38	0	0	0
31018	2013-04-05 17:47:58	38	0	0	0
31023	2013-04-08 08:05:15	38	0	0	0
31002	2013-04-08 08:09:40	38	0	0	0
31009	2013-04-08 08:11:59	38	0	0	0
31020	2013-04-08 08:19:04	38	0	0	0
31029	2013-04-08 08:20:38	38	0	0	0
31036	2013-04-08 08:26:33	38	0	0	0
31027	2013-04-08 08:30:45	38	0	0	0
31037	2013-04-08 08:30:50	38	0	0	0
31033	2013-04-08 08:31:15	38	0	0	0
31015	2013-04-08 08:32:00	38	0	0	0
31007	2013-04-08 08:32:17	38	0	0	0
31017	2013-04-08 08:33:36	38	0	0	0
31035	2013-04-08 08:35:00	38	0	0	0
31019	2013-04-08 08:40:27	38	0	0	0
31038	2013-04-08 08:45:09	38	0	0	0
31018	2013-04-08 08:48:24	38	0	0	0
31008	2013-04-08 08:52:52	38	0	0	0
31032	2013-04-08 08:57:10	38	0	0	0
31013	2013-04-08 09:37:50	38	0	0	0
31010	2013-04-08 09:56:02	38	0	0	0
31016	2013-04-08 12:30:08	38	0	0	0
31020	2013-04-08 12:43:30	38	0	0	0
31027	2013-04-08 12:56:42	38	0	0	0
31032	2013-04-08 13:05:20	38	0	0	0
31022	2013-04-08 13:05:35	38	0	0	0
31038	2013-04-08 13:07:32	38	0	0	0
31015	2013-04-08 13:32:36	38	0	0	0
31035	2013-04-08 14:22:52	38	0	0	0
31008	2013-04-08 14:23:02	38	0	0	0
31017	2013-04-08 14:44:11	38	0	0	0
31012	2013-04-08 14:44:59	38	0	0	0
31033	2013-04-08 14:45:26	38	0	0	0
31036	2013-04-08 15:11:03	38	0	0	0
31019	2013-04-08 15:28:58	38	0	0	0
31018	2013-04-08 17:09:14	38	0	0	0
31016	2013-04-08 17:13:21	38	0	0	0
31018	2013-04-09 07:04:31	38	0	0	0
31019	2013-04-09 07:13:04	38	0	0	0
31010	2013-04-09 07:57:02	38	0	0	0
31013	2013-04-09 07:57:09	38	0	0	0
31029	2013-04-09 07:57:17	38	0	0	0
31023	2013-04-09 07:59:38	38	0	0	0
31027	2013-04-09 08:02:13	38	0	0	0
31016	2013-04-09 08:06:23	38	0	0	0
31014	2013-04-09 08:10:20	38	0	0	0
31008	2013-04-09 08:21:28	38	0	0	0
31037	2013-04-09 08:34:46	38	0	0	0
31032	2013-04-09 09:09:42	38	0	0	0
31036	2013-04-09 10:00:58	38	0	0	0
31028	2013-04-09 10:07:45	38	0	0	0
31035	2013-04-09 10:59:54	38	0	0	0
31012	2013-04-09 12:50:18	38	0	0	0
31013	2013-04-09 12:59:14	38	0	0	0
31010	2013-04-09 12:59:39	38	0	0	0
31032	2013-04-09 13:08:57	38	0	0	0
31011	2013-04-09 14:29:44	38	0	0	0
31029	2013-04-09 14:29:50	38	0	0	0
31020	2013-04-09 14:42:14	38	0	0	0
31016	2013-04-09 15:00:29	38	0	0	0
31038	2013-04-09 15:03:11	38	0	0	0
31019	2013-04-09 15:44:14	38	0	0	0
31035	2013-04-09 16:05:03	38	0	0	0
31008	2013-04-09 16:14:41	38	0	0	0
31018	2013-04-09 16:21:33	38	0	0	0
31028	2013-04-09 17:06:41	38	0	0	0
31036	2013-04-09 17:06:53	38	0	0	0
31001	2013-04-10 07:48:18	38	0	0	0
31033	2013-04-10 07:58:06	38	0	0	0
31036	2013-04-10 08:04:17	38	0	0	0
31035	2013-04-10 08:07:25	38	0	0	0
31008	2013-04-10 08:10:18	38	0	0	0
31023	2013-04-10 08:14:18	38	0	0	0
31038	2013-04-10 08:19:03	38	0	0	0
31027	2013-04-10 08:28:21	38	0	0	0
31009	2013-04-10 08:29:21	38	0	0	0
31037	2013-04-10 08:50:16	38	0	0	0
31018	2013-04-10 08:52:09	38	0	0	0
31026	2013-04-10 08:53:46	38	0	0	0
31002	2013-04-10 08:57:49	38	0	0	0
31015	2013-04-10 09:01:50	38	0	0	0
31007	2013-04-10 09:02:00	38	0	0	0
31029	2013-04-10 09:03:02	38	0	0	0
31028	2013-04-10 09:27:45	38	0	0	0
31010	2013-04-10 09:31:58	38	0	0	0
31011	2013-04-10 09:41:40	38	0	0	0
31019	2013-04-10 10:09:13	38	0	0	0
31004	2013-04-10 10:13:08	38	0	0	0
31020	2013-04-10 10:13:13	38	0	0	0
31031	2013-04-10 10:16:00	38	0	0	0
31022	2013-04-10 11:19:02	38	0	0	0
31029	2013-04-10 13:18:18	38	0	0	0
31009	2013-04-10 13:29:33	38	0	0	0
31027	2013-04-10 13:42:04	38	0	0	0
31033	2013-04-10 14:35:03	38	0	0	0
31037	2013-04-10 14:51:20	38	0	0	0
31028	2013-04-10 14:57:20	38	0	0	0
31036	2013-04-10 15:01:10	38	0	0	0
31038	2013-04-10 15:09:07	38	0	0	0
31011	2013-04-10 15:27:39	38	0	0	0
31018	2013-04-10 16:01:48	38	0	0	0
31033	2013-04-11 08:01:21	38	0	0	0
31035	2013-04-11 08:03:37	38	0	0	0
31001	2013-04-11 08:03:52	38	0	0	0
31015	2013-04-11 08:06:44	38	0	0	0
31011	2013-04-11 08:33:03	38	0	0	0
31027	2013-04-11 08:41:42	38	0	0	0
31018	2013-04-11 08:48:30	38	0	0	0
31026	2013-04-11 08:55:12	38	0	0	0
31037	2013-04-11 08:57:52	38	0	0	0
31036	2013-04-11 09:01:10	38	0	0	0
31020	2013-04-11 09:08:12	38	0	0	0
31038	2013-04-11 09:08:39	38	0	0	0
31009	2013-04-11 09:15:14	38	0	0	0
31032	2013-04-11 09:21:14	38	0	0	0
31031	2013-04-11 09:21:25	38	0	0	0
31016	2013-04-11 09:26:01	38	0	0	0
31010	2013-04-11 09:45:21	38	0	0	0
31029	2013-04-11 09:53:19	38	0	0	0
31022	2013-04-11 10:17:51	38	0	0	0
31007	2013-04-11 10:19:30	38	0	0	0
31013	2013-04-11 11:01:07	38	0	0	0
31009	2013-04-11 13:35:22	38	0	0	0
31019	2013-04-11 14:10:00	38	0	0	0
31026	2013-04-11 14:11:46	38	0	0	0
31023	2013-04-11 14:34:22	38	0	0	0
31029	2013-04-11 14:41:29	38	0	0	0
31027	2013-04-11 14:46:55	38	0	0	0
31006	2013-04-11 14:50:45	38	0	0	0
31017	2013-04-11 14:51:31	38	0	0	0
31033	2013-04-11 14:58:07	38	0	0	0
31037	2013-04-11 14:58:21	38	0	0	0
31016	2013-04-11 15:29:53	38	0	0	0
31018	2013-04-11 20:31:46	38	0	0	0
31011	2013-04-11 20:31:59	38	0	0	0
31033	2013-04-12 08:34:09	38	0	0	0
31009	2013-04-12 08:37:44	38	0	0	0
31015	2013-04-12 08:40:38	38	0	0	0
31021	2013-04-12 08:40:44	38	0	0	0
31036	2013-04-12 08:40:50	38	0	0	0
31020	2013-04-12 08:41:05	38	0	0	0
31038	2013-04-12 08:41:12	38	0	0	0
31014	2013-04-12 08:41:22	38	0	0	0
31029	2013-04-12 08:41:37	38	0	0	0
31026	2013-04-12 08:45:55	38	0	0	0
31035	2013-04-12 08:49:22	38	0	0	0
31027	2013-04-12 08:49:30	38	0	0	0
31007	2013-04-12 08:52:24	38	0	0	0
31037	2013-04-12 08:52:34	38	0	0	0
31011	2013-04-12 09:01:33	38	0	0	0
31023	2013-04-12 09:01:54	38	0	0	0
31012	2013-04-12 10:13:01	38	0	0	0
31013	2013-04-12 10:50:42	38	0	0	0
31022	2013-04-12 11:10:33	38	0	0	0
31031	2013-04-12 13:01:41	38	0	0	0
31029	2013-04-12 13:05:13	38	0	0	0
31026	2013-04-12 13:05:25	38	0	0	0
31037	2013-04-12 13:18:16	38	0	0	0
31009	2013-04-12 13:39:22	38	0	0	0
31006	2013-04-12 13:40:17	38	0	0	0
31038	2013-04-12 14:02:03	38	0	0	0
31027	2013-04-12 14:07:42	38	0	0	0
31028	2013-04-12 14:09:18	38	0	0	0
31008	2013-04-12 14:09:26	38	0	0	0
31035	2013-04-12 14:09:41	38	0	0	0
31033	2013-04-12 14:20:46	38	0	0	0
31012	2013-04-12 14:22:42	38	0	0	0
31017	2013-04-12 14:36:31	38	0	0	0
  100	2013-04-13 10:38:04	38	0	0	0
  100	2013-04-13 10:38:07	38	0	0	0
  100	2013-04-13 10:38:18	38	0	0	0
31009	2013-04-15 09:10:19	38	0	0	0
31036	2013-04-15 09:10:30	38	0	0	0
31013	2013-04-15 09:11:04	38	0	0	0
31020	2013-04-15 09:11:11	38	0	0	0
31029	2013-04-15 09:11:24	38	0	0	0
31035	2013-04-15 09:14:52	38	0	0	0
31008	2013-04-15 09:17:25	38	0	0	0
31033	2013-04-15 09:21:21	38	0	0	0
31011	2013-04-15 09:31:33	38	0	0	0
31026	2013-04-15 09:34:35	38	0	0	0
31015	2013-04-15 09:34:39	38	0	0	0
31016	2013-04-15 09:35:26	38	0	0	0
31022	2013-04-15 09:35:43	38	0	0	0
31017	2013-04-15 09:45:00	38	0	0	0
31038	2013-04-15 09:47:55	38	0	0	0
31010	2013-04-15 09:49:21	38	0	0	0
31007	2013-04-15 09:56:35	38	0	0	0
31032	2013-04-15 10:00:16	38	0	0	0
31031	2013-04-15 10:25:04	38	0	0	0
31037	2013-04-15 10:39:17	38	0	0	0
31021	2013-04-15 10:43:26	38	0	0	0
31027	2013-04-15 10:43:42	38	0	0	0
31019	2013-04-15 11:50:04	38	0	0	0
31009	2013-04-15 13:10:22	38	0	0	0
31020	2013-04-15 13:52:22	38	0	0	0
31026	2013-04-15 13:59:30	38	0	0	0
31026	2013-04-15 14:00:26	38	0	0	0
31017	2013-04-15 14:00:41	38	0	0	0
31021	2013-04-15 14:02:06	38	0	0	0
31006	2013-04-15 14:17:33	38	0	0	0
31029	2013-04-15 14:25:08	38	0	0	0
31038	2013-04-15 15:03:17	38	0	0	0
31033	2013-04-15 15:04:27	38	0	0	0
31037	2013-04-15 15:06:51	38	0	0	0
31028	2013-04-15 15:29:58	38	0	0	0
31018	2013-04-15 16:43:26	38	0	0	0
31035	2013-04-15 17:34:01	38	0	0	0
31036	2013-04-15 17:34:20	38	0	0	0
31008	2013-04-15 17:34:31	38	0	0	0
31004	2013-04-15 17:35:03	38	0	0	0
31016	2013-04-15 18:18:07	38	0	0	0
31018	2013-04-16 06:59:46	38	0	0	0
31001	2013-04-16 07:27:46	38	0	0	0
31004	2013-04-16 07:28:17	38	0	0	0
31038	2013-04-16 07:35:10	38	0	0	0
31026	2013-04-16 08:01:16	38	0	0	0
31021	2013-04-16 08:04:57	38	0	0	0
31023	2013-04-16 08:05:07	38	0	0	0
31033	2013-04-16 08:12:41	38	0	0	0
31020	2013-04-16 08:18:12	38	0	0	0
31027	2013-04-16 08:19:48	38	0	0	0
31008	2013-04-16 08:28:27	38	0	0	0
31028	2013-04-16 08:31:18	38	0	0	0
31037	2013-04-16 08:36:15	38	0	0	0
31036	2013-04-16 08:46:13	38	0	0	0
31009	2013-04-16 08:49:48	38	0	0	0
31035	2013-04-16 08:51:23	38	0	0	0
31029	2013-04-16 08:56:43	38	0	0	0
31015	2013-04-16 09:11:55	38	0	0	0
31013	2013-04-16 09:25:07	38	0	0	0
31032	2013-04-16 09:29:26	38	0	0	0
31007	2013-04-16 11:05:40	38	0	0	0
31009	2013-04-16 12:25:49	38	0	0	0
31020	2013-04-16 12:52:55	38	0	0	0
31021	2013-04-16 14:04:47	38	0	0	0
31029	2013-04-16 14:05:46	38	0	0	0
31023	2013-04-16 14:10:58	38	0	0	0
31027	2013-04-16 14:20:00	38	0	0	0
31033	2013-04-16 14:46:25	38	0	0	0
31037	2013-04-16 14:47:48	38	0	0	0
31017	2013-04-16 15:05:58	38	0	0	0
31006	2013-04-16 15:06:29	38	0	0	0
31008	2013-04-16 16:37:47	38	0	0	0
31038	2013-04-16 16:46:16	38	0	0	0
31018	2013-04-16 16:46:22	38	0	0	0
31036	2013-04-16 17:01:18	38	0	0	0
31028	2013-04-16 17:01:26	38	0	0	0
31035	2013-04-16 17:02:56	38	0	0	0
31037	2013-04-17 08:25:48	38	0	0	0
31008	2013-04-17 08:31:12	38	0	0	0
31021	2013-04-17 08:32:19	38	0	0	0
31023	2013-04-17 08:35:55	38	0	0	0
31027	2013-04-17 08:43:41	38	0	0	0
31006	2013-04-17 08:50:39	38	0	0	0
31007	2013-04-17 08:53:33	38	0	0	0
31036	2013-04-17 08:59:31	38	0	0	0
31028	2013-04-17 08:59:37	38	0	0	0
31020	2013-04-17 09:04:10	38	0	0	0
31035	2013-04-17 09:15:54	38	0	0	0
31009	2013-04-17 09:17:21	38	0	0	0
31015	2013-04-17 09:26:11	38	0	0	0
31029	2013-04-17 09:44:47	38	0	0	0
31010	2013-04-17 09:51:31	38	0	0	0
31010	2013-04-17 09:54:02	38	0	0	0
31020	2013-04-17 09:54:10	38	0	0	0
31027	2013-04-17 09:54:18	38	0	0	0
31027	2013-04-17 09:54:30	38	0	0	0
31027	2013-04-17 09:54:43	38	0	0	0
31023	2013-04-17 09:55:48	38	0	0	0
31027	2013-04-17 09:56:02	38	0	0	0
31027	2013-04-17 10:00:51	38	0	0	0
31038	2013-04-17 10:01:36	38	0	0	0
31013	2013-04-17 10:01:57	38	0	0	0
31002	2013-04-17 10:12:42	38	0	0	0
31018	2013-04-17 10:32:56	38	0	0	0
31018	2013-04-17 10:33:35	38	0	0	0
31033	2013-04-17 11:27:35	38	0	0	0
31020	2013-04-17 11:38:35	38	0	0	0
31038	2013-04-17 13:23:35	38	0	0	0
31023	2013-04-17 13:49:30	38	0	0	0
31023	2013-04-17 13:52:53	38	0	0	0
31021	2013-04-17 13:58:25	38	0	0	0
31013	2013-04-17 14:18:40	38	0	0	0
31017	2013-04-17 14:19:44	38	0	0	0
31015	2013-04-17 14:20:22	38	0	0	0
31035	2013-04-17 14:24:49	38	0	0	0
31033	2013-04-17 14:26:27	38	0	0	0
31037	2013-04-17 14:33:14	38	0	0	0
31027	2013-04-17 14:33:55	38	0	0	0
31006	2013-04-17 14:47:13	38	0	0	0
31036	2013-04-17 14:49:22	38	0	0	0
31028	2013-04-17 14:49:30	38	0	0	0
31016	2013-04-17 17:01:28	38	0	0	0
31014	2013-04-18 07:58:29	38	0	0	0
31036	2013-04-18 07:58:38	38	0	0	0
31027	2013-04-18 07:58:47	38	0	0	0
31033	2013-04-18 07:58:52	38	0	0	0
31023	2013-04-18 08:12:43	38	0	0	0
31018	2013-04-18 08:40:55	38	0	0	0
31028	2013-04-18 08:43:54	38	0	0	0
31009	2013-04-18 08:44:55	38	0	0	0
31007	2013-04-18 08:46:26	38	0	0	0
31035	2013-04-18 08:58:16	38	0	0	0
31026	2013-04-18 09:05:08	38	0	0	0
31008	2013-04-18 09:09:45	38	0	0	0
31015	2013-04-18 09:29:09	38	0	0	0
31029	2013-04-18 09:37:04	38	0	0	0
31021	2013-04-18 09:38:51	38	0	0	0
31006	2013-04-18 09:57:39	38	0	0	0
31038	2013-04-18 09:59:54	38	0	0	0
31016	2013-04-18 10:23:02	38	0	0	0
31022	2013-04-18 10:43:02	38	0	0	0
31012	2013-04-18 10:49:25	38	0	0	0
31017	2013-04-18 10:54:21	38	0	0	0
31010	2013-04-18 12:38:26	38	0	0	0
31035	2013-04-18 14:03:28	38	0	0	0
31017	2013-04-18 14:39:20	38	0	0	0
31038	2013-04-18 14:40:14	38	0	0	0
31006	2013-04-18 14:56:11	38	0	0	0
31010	2013-04-18 15:43:02	38	0	0	0
31008	2013-04-18 15:48:18	38	0	0	0
31036	2013-04-18 15:48:55	38	0	0	0
31027	2013-04-18 15:49:14	38	0	0	0
31021	2013-04-18 15:49:55	38	0	0	0
31028	2013-04-18 15:50:07	38	0	0	0
31018	2013-04-18 18:15:26	38	0	0	0
31016	2013-04-18 18:19:35	38	0	0	0
31018	2013-04-19 06:59:53	38	0	0	0
31027	2013-04-19 07:59:40	38	0	0	0
31038	2013-04-19 08:25:15	38	0	0	0
31020	2013-04-19 08:26:32	38	0	0	0
31033	2013-04-19 08:29:50	38	0	0	0
31008	2013-04-19 08:35:39	38	0	0	0
31036	2013-04-19 08:35:50	38	0	0	0
31009	2013-04-19 08:53:18	38	0	0	0
31021	2013-04-19 09:01:32	38	0	0	0
31016	2013-04-19 09:07:19	38	0	0	0
31032	2013-04-19 09:11:42	38	0	0	0
31037	2013-04-19 09:25:11	38	0	0	0
31022	2013-04-19 09:35:12	38	0	0	0
31026	2013-04-19 09:48:42	38	0	0	0
31029	2013-04-19 09:49:59	38	0	0	0
31015	2013-04-19 09:54:31	38	0	0	0
31035	2013-04-19 09:57:19	38	0	0	0
31011	2013-04-19 10:17:39	38	0	0	0
31007	2013-04-19 10:26:13	38	0	0	0
31010	2013-04-19 13:41:45	38	0	0	0
31015	2013-04-19 14:00:43	38	0	0	0
31017	2013-04-19 14:46:11	38	0	0	0
31037	2013-04-19 14:46:20	38	0	0	0
31017	2013-04-19 14:46:36	38	0	0	0
31012	2013-04-19 14:48:15	38	0	0	0
31033	2013-04-19 14:48:21	38	0	0	0
31027	2013-04-19 14:49:29	38	0	0	0
31006	2013-04-19 14:54:28	38	0	0	0
31018	2013-04-19 14:54:48	38	0	0	0
31029	2013-04-19 16:18:31	38	0	0	0
31011	2013-04-19 16:38:25	38	0	0	0
31035	2013-04-19 16:52:33	38	0	0	0
31028	2013-04-19 16:54:27	38	0	0	0
31016	2013-04-19 18:47:01	38	0	0	0
31028	2013-04-20 12:19:12	38	0	0	0
31036	2013-04-20 12:19:20	38	0	0	0
31018	2013-04-22 06:39:06	38	0	0	0
31038	2013-04-22 07:05:30	38	0	0	0
31033	2013-04-22 07:47:00	38	0	0	0
31036	2013-04-22 07:58:39	38	0	0	0
31029	2013-04-22 08:06:09	38	0	0	0
31009	2013-04-22 08:07:38	38	0	0	0
31014	2013-04-22 08:07:53	38	0	0	0
31001	2013-04-22 08:08:12	38	0	0	0
31015	2013-04-22 08:11:34	38	0	0	0
31037	2013-04-22 08:12:30	38	0	0	0
31027	2013-04-22 08:12:40	38	0	0	0
31007	2013-04-22 08:14:03	38	0	0	0
31016	2013-04-22 08:14:29	38	0	0	0
31011	2013-04-22 08:18:33	38	0	0	0
31008	2013-04-22 08:39:56	38	0	0	0
31022	2013-04-22 08:49:33	38	0	0	0
31032	2013-04-22 08:58:30	38	0	0	0
31020	2013-04-22 09:00:15	38	0	0	0
31017	2013-04-22 09:09:03	38	0	0	0
31026	2013-04-22 09:45:34	38	0	0	0
31031	2013-04-22 09:51:41	38	0	0	0
31035	2013-04-22 12:01:21	38	0	0	0
31020	2013-04-22 12:41:52	38	0	0	0
31027	2013-04-22 14:55:14	38	0	0	0
31029	2013-04-22 14:56:00	38	0	0	0
31037	2013-04-22 15:04:29	38	0	0	0
31018	2013-04-22 15:14:53	38	0	0	0
31006	2013-04-22 15:20:25	38	0	0	0
31008	2013-04-22 15:34:29	38	0	0	0
31015	2013-04-22 15:34:44	38	0	0	0
31028	2013-04-22 15:36:01	38	0	0	0
31036	2013-04-22 15:36:06	38	0	0	0
31035	2013-04-22 15:36:16	38	0	0	0
31038	2013-04-22 15:36:58	38	0	0	0
31011	2013-04-22 16:28:25	38	0	0	0
31016	2013-04-22 16:31:27	38	0	0	0
31018	2013-04-23 07:45:37	38	0	0	0
31001	2013-04-23 08:04:29	38	0	0	0
31004	2013-04-23 08:09:56	38	0	0	0
31036	2013-04-23 08:18:41	38	0	0	0
31035	2013-04-23 08:20:11	38	0	0	0
31027	2013-04-23 08:21:12	38	0	0	0
31033	2013-04-23 08:21:52	38	0	0	0
31032	2013-04-23 08:28:19	38	0	0	0
31023	2013-04-23 08:35:25	38	0	0	0
31008	2013-04-23 08:37:04	38	0	0	0
31037	2013-04-23 08:37:19	38	0	0	0
31026	2013-04-23 08:56:55	38	0	0	0
31014	2013-04-23 08:58:30	38	0	0	0
31029	2013-04-23 09:00:41	38	0	0	0
31021	2013-04-23 09:01:59	38	0	0	0
31020	2013-04-23 09:05:51	38	0	0	0
31038	2013-04-23 09:06:01	38	0	0	0
31007	2013-04-23 09:11:03	38	0	0	0
31013	2013-04-23 09:37:40	38	0	0	0
31012	2013-04-23 09:51:18	38	0	0	0
31015	2013-04-23 10:03:31	38	0	0	0
31002	2013-04-23 11:14:37	38	0	0	0
31031	2013-04-23 11:14:43	38	0	0	0
31022	2013-04-23 11:29:10	38	0	0	0
31021	2013-04-23 14:24:44	38	0	0	0
31013	2013-04-23 14:35:00	38	0	0	0
31027	2013-04-23 14:35:35	38	0	0	0
31010	2013-04-23 14:38:52	38	0	0	0
31023	2013-04-23 14:39:01	38	0	0	0
31029	2013-04-23 15:29:59	38	0	0	0
31012	2013-04-23 15:30:09	38	0	0	0
31036	2013-04-23 16:01:03	38	0	0	0
31028	2013-04-23 16:01:09	38	0	0	0
31008	2013-04-23 16:01:14	38	0	0	0
31016	2013-04-23 18:20:14	38	0	0	0
31038	2013-04-24 07:45:15	38	0	0	0
31032	2013-04-24 07:45:38	38	0	0	0
31001	2013-04-24 07:53:01	38	0	0	0
31027	2013-04-24 07:53:20	38	0	0	0
31028	2013-04-24 07:53:33	38	0	0	0
31029	2013-04-24 07:53:39	38	0	0	0
31033	2013-04-24 07:58:26	38	0	0	0
31036	2013-04-24 07:58:50	38	0	0	0
31004	2013-04-24 08:05:16	38	0	0	0
31018	2013-04-24 08:16:44	38	0	0	0
31014	2013-04-24 08:25:58	38	0	0	0
31035	2013-04-24 08:36:30	38	0	0	0
31008	2013-04-24 08:45:11	38	0	0	0
31020	2013-04-24 08:46:17	38	0	0	0
31009	2013-04-24 08:47:24	38	0	0	0
31026	2013-04-24 08:58:58	38	0	0	0
31023	2013-04-24 09:02:08	38	0	0	0
31015	2013-04-24 09:12:02	38	0	0	0
31037	2013-04-24 09:12:20	38	0	0	0
31021	2013-04-24 09:13:37	38	0	0	0
31007	2013-04-24 09:19:00	38	0	0	0
31012	2013-04-24 09:51:17	38	0	0	0
31013	2013-04-24 09:53:12	38	0	0	0
31019	2013-04-24 09:59:18	38	0	0	0
31022	2013-04-24 10:17:39	38	0	0	0
31006	2013-04-24 10:53:24	38	0	0	0
31016	2013-04-24 11:53:53	38	0	0	0
31020	2013-04-24 12:06:05	38	0	0	0
31009	2013-04-24 13:06:23	38	0	0	0
31014	2013-04-24 13:15:17	38	0	0	0
31027	2013-04-24 14:39:04	38	0	0	0
31032	2013-04-24 14:48:29	38	0	0	0
31033	2013-04-24 14:53:46	38	0	0	0
31012	2013-04-24 14:55:22	38	0	0	0
31017	2013-04-24 14:57:03	38	0	0	0
31023	2013-04-24 15:19:41	38	0	0	0
31029	2013-04-24 15:35:31	38	0	0	0
31038	2013-04-24 15:36:50	38	0	0	0
31016	2013-04-24 15:37:34	38	0	0	0
31004	2013-04-24 15:37:46	38	0	0	0
31028	2013-04-24 15:57:06	38	0	0	0
31008	2013-04-24 16:21:29	38	0	0	0
31018	2013-04-24 16:35:32	38	0	0	0
31036	2013-04-24 16:54:54	38	0	0	0
31035	2013-04-24 16:56:54	38	0	0	0
31018	2013-04-24 18:08:50	38	0	0	0
31018	2013-04-25 07:26:17	38	0	0	0
31037	2013-04-25 08:12:46	38	0	0	0
31020	2013-04-25 08:13:15	38	0	0	0
31038	2013-04-25 08:16:15	38	0	0	0
31027	2013-04-25 08:21:31	38	0	0	0
31014	2013-04-25 08:27:09	38	0	0	0
31028	2013-04-25 08:27:17	38	0	0	0
31008	2013-04-25 08:29:54	38	0	0	0
31036	2013-04-25 08:33:30	38	0	0	0
31035	2013-04-25 08:43:42	38	0	0	0
31029	2013-04-25 08:50:39	38	0	0	0
31004	2013-04-25 08:55:16	38	0	0	0
31001	2013-04-25 08:55:47	38	0	0	0
31033	2013-04-25 09:01:08	38	0	0	0
31023	2013-04-25 09:01:58	38	0	0	0
31026	2013-04-25 09:05:17	38	0	0	0
31021	2013-04-25 09:10:56	38	0	0	0
31032	2013-04-25 09:13:05	38	0	0	0
31022	2013-04-25 09:14:33	38	0	0	0
31007	2013-04-25 09:16:24	38	0	0	0
31013	2013-04-25 09:22:43	38	0	0	0
31012	2013-04-25 10:36:28	38	0	0	0
31006	2013-04-25 10:50:39	38	0	0	0
31031	2013-04-25 11:02:36	38	0	0	0
31016	2013-04-25 11:20:59	38	0	0	0
31013	2013-04-25 14:23:06	38	0	0	0
31027	2013-04-25 14:34:00	38	0	0	0
31021	2013-04-25 14:34:03	38	0	0	0
31032	2013-04-25 14:34:37	38	0	0	0
31029	2013-04-25 14:37:39	38	0	0	0
31001	2013-04-25 14:46:01	38	0	0	0
31020	2013-04-25 14:47:58	38	0	0	0
31037	2013-04-25 14:48:04	38	0	0	0
31022	2013-04-25 14:49:47	38	0	0	0
31038	2013-04-25 14:50:40	38	0	0	0
31006	2013-04-25 15:00:04	38	0	0	0
31028	2013-04-25 15:25:21	38	0	0	0
31016	2013-04-25 15:29:05	38	0	0	0
31015	2013-04-25 15:32:41	38	0	0	0
31033	2013-04-25 15:38:49	38	0	0	0
31036	2013-04-25 15:42:44	38	0	0	0
31010	2013-04-25 15:56:07	38	0	0	0
31018	2013-04-25 16:12:10	38	0	0	0
31008	2013-04-25 17:45:15	38	0	0	0
31004	2013-04-26 07:34:47	38	0	0	0
31018	2013-04-26 07:36:59	38	0	0	0
31001	2013-04-26 07:48:17	38	0	0	0
31027	2013-04-26 08:12:48	38	0	0	0
31038	2013-04-26 08:18:22	38	0	0	0
31032	2013-04-26 08:23:57	38	0	0	0
31029	2013-04-26 08:44:44	38	0	0	0
31036	2013-04-26 08:45:04	38	0	0	0
31031	2013-04-26 09:02:07	38	0	0	0
31035	2013-04-26 09:03:43	38	0	0	0
31020	2013-04-26 09:05:28	38	0	0	0
31009	2013-04-26 09:07:04	38	0	0	0
31026	2013-04-26 09:07:11	38	0	0	0
31012	2013-04-26 09:12:59	38	0	0	0
31023	2013-04-26 09:16:36	38	0	0	0
31015	2013-04-26 09:23:47	38	0	0	0
31007	2013-04-26 09:27:24	38	0	0	0
31010	2013-04-26 09:37:16	38	0	0	0
31021	2013-04-26 09:37:30	38	0	0	0
31037	2013-04-26 09:37:37	38	0	0	0
31008	2013-04-26 09:45:35	38	0	0	0
31022	2013-04-26 09:50:39	38	0	0	0
31020	2013-04-26 11:53:49	38	0	0	0
31027	2013-04-26 13:02:35	38	0	0	0
31037	2013-04-26 13:13:27	38	0	0	0
31029	2013-04-26 13:40:04	38	0	0	0
31002	2013-04-26 14:05:46	38	0	0	0
31018	2013-04-26 14:29:33	38	0	0	0
31032	2013-04-26 15:03:09	38	0	0	0
31035	2013-04-26 15:58:27	38	0	0	0
31015	2013-04-26 16:04:59	38	0	0	0
31008	2013-04-26 17:44:21	38	0	0	0
31036	2013-04-26 17:54:19	38	0	0	0
31007	2013-04-29 09:33:52	38	0	0	0
31018	2013-04-29 10:46:38	38	0	0	0
31016	2013-04-29 11:24:41	38	0	0	0
31032	2013-04-29 12:41:57	38	0	0	0
31018	2013-04-30 06:53:24	38	0	0	0
31009	2013-04-30 08:54:48	38	0	0	0
31007	2013-04-30 09:18:03	38	0	0	0
31037	2013-04-30 09:31:31	38	0	0	0
31026	2013-04-30 09:58:42	38	0	0	0
31006	2013-04-30 10:22:11	38	0	0	0
31026	2013-04-30 13:27:40	38	0	0	0
31037	2013-04-30 13:46:51	38	0	0	0
31017	2013-04-30 14:11:58	38	0	0	0
31006	2013-04-30 15:07:11	38	0	0	0
31018	2013-04-30 22:23:29	38	0	0	0
31018	2013-05-01 06:51:31	38	0	0	0
31034	2013-05-01 08:17:42	38	0	0	0
31037	2013-05-01 08:54:54	38	0	0	0
31007	2013-05-01 09:07:00	38	0	0	0
31032	2013-05-01 09:16:01	38	0	0	0
31011	2013-05-01 09:23:33	38	0	0	0
31006	2013-05-01 10:01:36	38	0	0	0
31013	2013-05-01 10:41:01	38	0	0	0
31016	2013-05-01 12:02:46	38	0	0	0
31037	2013-05-01 12:43:32	38	0	0	0
31032	2013-05-01 14:56:47	38	0	0	0
31011	2013-05-01 15:15:12	38	0	0	0
31016	2013-05-01 15:47:17	38	0	0	0
31018	2013-05-01 17:51:01	38	0	0	0
31037	2013-05-02 08:15:04	38	0	0	0
31018	2013-05-02 08:37:41	38	0	0	0
31009	2013-05-02 09:04:10	38	0	0	0
31007	2013-05-02 09:38:55	38	0	0	0
31031	2013-05-02 09:41:54	38	0	0	0
31032	2013-05-02 10:30:01	38	0	0	0
31011	2013-05-02 10:39:47	38	0	0	0
31016	2013-05-02 11:04:43	38	0	0	0
31037	2013-05-02 11:54:49	38	0	0	0
31011	2013-05-02 12:55:54	38	0	0	0
31006	2013-05-02 14:32:01	38	0	0	0
31016	2013-05-02 16:25:35	38	0	0	0
31018	2013-05-03 08:18:27	38	0	0	0
31034	2013-05-03 08:22:11	38	0	0	0
31007	2013-05-03 08:52:28	38	0	0	0
31037	2013-05-03 08:57:54	38	0	0	0
31032	2013-05-03 09:12:53	38	0	0	0
31009	2013-05-03 09:25:18	38	0	0	0
31019	2013-05-03 09:26:29	38	0	0	0
31016	2013-05-03 09:37:18	38	0	0	0
31026	2013-05-03 09:38:29	38	0	0	0
31013	2013-05-03 11:01:57	38	0	0	0
31037	2013-05-03 13:07:59	38	0	0	0
31018	2013-05-03 15:26:02	38	0	0	0
31016	2013-05-03 16:12:06	38	0	0	0
31029	2013-05-06 08:09:21	38	0	0	0
31038	2013-05-06 08:10:58	38	0	0	0
31010	2013-05-06 08:12:00	38	0	0	0
31023	2013-05-06 08:12:10	38	0	0	0
31020	2013-05-06 08:32:07	38	0	0	0
31016	2013-05-06 08:33:48	38	0	0	0
31001	2013-05-06 08:36:54	38	0	0	0
31007	2013-05-06 08:47:41	38	0	0	0
31014	2013-05-06 08:54:56	38	0	0	0
31022	2013-05-06 08:58:58	38	0	0	0
31033	2013-05-06 09:22:51	38	0	0	0
31037	2013-05-06 09:22:59	38	0	0	0
31032	2013-05-06 09:29:12	38	0	0	0
31027	2013-05-06 09:30:53	38	0	0	0
31021	2013-05-06 09:31:00	38	0	0	0
31009	2013-05-06 09:36:47	38	0	0	0
31016	2013-05-06 10:26:43	38	0	0	0
31006	2013-05-06 10:44:44	38	0	0	0
31020	2013-05-06 12:38:20	38	0	0	0
31038	2013-05-06 13:49:53	38	0	0	0
31004	2013-05-06 13:51:27	38	0	0	0
31029	2013-05-06 13:51:55	38	0	0	0
31027	2013-05-06 13:56:02	38	0	0	0
31021	2013-05-06 13:56:21	38	0	0	0
31023	2013-05-06 13:58:56	38	0	0	0
31023	2013-05-06 14:00:01	38	0	0	0
31033	2013-05-06 14:00:30	38	0	0	0
31037	2013-05-06 14:03:29	38	0	0	0
31017	2013-05-06 15:00:18	38	0	0	0
31006	2013-05-06 15:00:47	38	0	0	0
31016	2013-05-06 16:32:53	38	0	0	0
31033	2013-05-07 07:33:17	38	0	0	0
31027	2013-05-07 07:46:25	38	0	0	0
31004	2013-05-07 07:56:17	38	0	0	0
31001	2013-05-07 07:59:30	38	0	0	0
31029	2013-05-07 08:43:00	38	0	0	0
31020	2013-05-07 08:45:14	38	0	0	0
31037	2013-05-07 08:50:29	38	0	0	0
31036	2013-05-07 08:55:51	38	0	0	0
31038	2013-05-07 09:01:25	38	0	0	0
31018	2013-05-07 09:11:37	38	0	0	0
31009	2013-05-07 09:16:24	38	0	0	0
31007	2013-05-07 09:20:00	38	0	0	0
31026	2013-05-07 09:21:41	38	0	0	0
31010	2013-05-07 09:23:59	38	0	0	0
31006	2013-05-07 09:28:38	38	0	0	0
31028	2013-05-07 09:31:25	38	0	0	0
31031	2013-05-07 09:45:21	38	0	0	0
31023	2013-05-07 09:45:34	38	0	0	0
31021	2013-05-07 10:19:02	38	0	0	0
31037	2013-05-07 11:41:37	38	0	0	0
31016	2013-05-07 12:28:01	38	0	0	0
31026	2013-05-07 13:20:55	38	0	0	0
31029	2013-05-07 13:31:09	38	0	0	0
31009	2013-05-07 13:34:26	38	0	0	0
31023	2013-05-07 13:45:17	38	0	0	0
31033	2013-05-07 13:53:59	38	0	0	0
31020	2013-05-07 13:56:37	38	0	0	0
31027	2013-05-07 14:00:35	38	0	0	0
31006	2013-05-07 14:06:22	38	0	0	0
31017	2013-05-07 14:29:24	38	0	0	0
31004	2013-05-07 14:46:11	38	0	0	0
31038	2013-05-07 14:46:17	38	0	0	0
31016	2013-05-07 14:49:21	38	0	0	0
31008	2013-05-07 15:52:09	38	0	0	0
31036	2013-05-07 15:56:04	38	0	0	0
31028	2013-05-07 15:56:36	38	0	0	0
31021	2013-05-08 07:36:20	38	0	0	0
31004	2013-05-08 07:41:34	38	0	0	0
31033	2013-05-08 07:50:10	38	0	0	0
31001	2013-05-08 07:55:07	38	0	0	0
31029	2013-05-08 07:59:04	38	0	0	0
31027	2013-05-08 08:00:22	38	0	0	0
31038	2013-05-08 08:11:45	38	0	0	0
31009	2013-05-08 08:35:17	38	0	0	0
31020	2013-05-08 08:38:32	38	0	0	0
31036	2013-05-08 08:41:08	38	0	0	0
31016	2013-05-08 08:52:14	38	0	0	0
31014	2013-05-08 09:08:48	38	0	0	0
31018	2013-05-08 09:09:47	38	0	0	0
31032	2013-05-08 09:17:28	38	0	0	0
31037	2013-05-08 09:26:49	38	0	0	0
31026	2013-05-08 09:28:36	38	0	0	0
31023	2013-05-08 09:33:34	38	0	0	0
31007	2013-05-08 10:00:51	38	0	0	0
31006	2013-05-08 10:11:20	38	0	0	0
31022	2013-05-08 12:24:18	38	0	0	0
31028	2013-05-08 12:27:50	38	0	0	0
31033	2013-05-08 12:39:33	38	0	0	0
31026	2013-05-08 12:40:08	38	0	0	0
31027	2013-05-08 12:40:31	38	0	0	0
31029	2013-05-08 12:40:58	38	0	0	0
31006	2013-05-08 13:24:59	38	0	0	0
31004	2013-05-08 14:43:00	38	0	0	0
31002	2013-05-08 14:51:25	38	0	0	0
31028	2013-05-08 15:01:20	38	0	0	0
31036	2013-05-08 15:13:12	38	0	0	0
31017	2013-05-08 15:25:43	38	0	0	0
31038	2013-05-08 15:55:29	38	0	0	0
31016	2013-05-08 17:21:51	38	0	0	0
31023	2013-05-13 07:48:27	38	0	0	0
31018	2013-05-13 08:05:26	38	0	0	0
31017	2013-05-13 08:06:11	38	0	0	0
31036	2013-05-13 08:19:25	38	0	0	0
31014	2013-05-13 08:25:20	38	0	0	0
31004	2013-05-13 08:27:25	38	0	0	0
31029	2013-05-13 08:30:09	38	0	0	0
31009	2013-05-13 08:33:02	38	0	0	0
31016	2013-05-13 08:37:33	38	0	0	0
31007	2013-05-13 08:50:09	38	0	0	0
31033	2013-05-13 08:54:26	38	0	0	0
31021	2013-05-13 08:55:05	38	0	0	0
31027	2013-05-13 08:55:13	38	0	0	0
31038	2013-05-13 08:55:23	38	0	0	0
31022	2013-05-13 08:55:29	38	0	0	0
31019	2013-05-13 09:32:36	38	0	0	0
31010	2013-05-13 09:32:44	38	0	0	0
31031	2013-05-13 09:41:34	38	0	0	0
31035	2013-05-13 10:03:09	38	0	0	0
31011	2013-05-13 10:06:01	38	0	0	0
31032	2013-05-13 10:15:37	38	0	0	0
31028	2013-05-13 10:28:54	38	0	0	0
31037	2013-05-13 10:42:58	38	0	0	0
31013	2013-05-13 10:48:50	38	0	0	0
31020	2013-05-13 12:04:44	38	0	0	0
31029	2013-05-13 12:49:10	38	0	0	0
31019	2013-05-13 13:45:46	38	0	0	0
31010	2013-05-13 13:49:18	38	0	0	0
31013	2013-05-13 13:51:16	38	0	0	0
31021	2013-05-13 13:52:26	38	0	0	0
31032	2013-05-13 13:53:23	38	0	0	0
31027	2013-05-13 14:02:44	38	0	0	0
31023	2013-05-13 14:09:08	38	0	0	0
31006	2013-05-13 15:12:40	38	0	0	0
31017	2013-05-13 15:13:36	38	0	0	0
31028	2013-05-13 15:13:42	38	0	0	0
31038	2013-05-13 15:29:49	38	0	0	0
31011	2013-05-13 15:32:28	38	0	0	0
31033	2013-05-13 15:36:45	38	0	0	0
31016	2013-05-13 18:59:34	38	0	0	0
31018	2013-05-13 19:30:04	38	0	0	0
31001	2013-05-14 07:27:11	38	0	0	0
31004	2013-05-14 07:37:20	38	0	0	0
31038	2013-05-14 07:55:12	38	0	0	0
31033	2013-05-14 08:05:59	38	0	0	0
31037	2013-05-14 08:08:40	38	0	0	0
31021	2013-05-14 08:14:48	38	0	0	0
31021	2013-05-14 08:14:50	38	0	0	0
31029	2013-05-14 08:14:59	38	0	0	0
31027	2013-05-14 08:15:04	38	0	0	0
31036	2013-05-14 08:17:42	38	0	0	0
31018	2013-05-14 08:28:04	38	0	0	0
31014	2013-05-14 08:32:30	38	0	0	0
31020	2013-05-14 08:32:39	38	0	0	0
31028	2013-05-14 08:32:46	38	0	0	0
31009	2013-05-14 08:36:27	38	0	0	0
31022	2013-05-14 08:58:43	38	0	0	0
31007	2013-05-14 09:08:08	38	0	0	0
31032	2013-05-14 09:09:15	38	0	0	0
31015	2013-05-14 09:13:36	38	0	0	0
31016	2013-05-14 09:14:29	38	0	0	0
31013	2013-05-14 09:39:14	38	0	0	0
31017	2013-05-14 09:58:52	38	0	0	0
31026	2013-05-14 10:03:20	38	0	0	0
31010	2013-05-14 11:11:06	38	0	0	0
31029	2013-05-14 12:57:42	38	0	0	0
31009	2013-05-14 13:58:35	38	0	0	0
31037	2013-05-14 14:00:57	38	0	0	0
31013	2013-05-14 14:03:45	38	0	0	0
31021	2013-05-14 14:03:54	38	0	0	0
31027	2013-05-14 14:31:26	38	0	0	0
31017	2013-05-14 14:33:51	38	0	0	0
31033	2013-05-14 14:54:56	38	0	0	0
31018	2013-05-14 15:00:25	38	0	0	0
31038	2013-05-14 15:02:53	38	0	0	0
31002	2013-05-14 15:19:48	38	0	0	0
31015	2013-05-14 15:30:24	38	0	0	0
31006	2013-05-14 15:30:52	38	0	0	0
31036	2013-05-14 15:31:40	38	0	0	0
31032	2013-05-14 16:30:07	38	0	0	0
31016	2013-05-14 19:31:24	38	0	0	0
31028	2013-05-15 07:26:46	38	0	0	0
31004	2013-05-15 07:37:54	38	0	0	0
31038	2013-05-15 07:38:08	38	0	0	0
31001	2013-05-15 07:53:55	38	0	0	0
31022	2013-05-15 08:05:21	38	0	0	0
31036	2013-05-15 08:10:34	38	0	0	0
31029	2013-05-15 08:19:51	38	0	0	0
31037	2013-05-15 08:26:14	38	0	0	0
31021	2013-05-15 08:28:10	38	0	0	0
31009	2013-05-15 08:28:21	38	0	0	0
31020	2013-05-15 08:45:45	38	0	0	0
31014	2013-05-15 08:54:20	38	0	0	0
31031	2013-05-15 08:54:53	38	0	0	0
31033	2013-05-15 08:55:17	38	0	0	0
31035	2013-05-15 08:55:25	38	0	0	0
31023	2013-05-15 08:58:12	38	0	0	0
31018	2013-05-15 09:07:33	38	0	0	0
31016	2013-05-15 09:14:25	38	0	0	0
31011	2013-05-15 09:28:34	38	0	0	0
31007	2013-05-15 09:47:51	38	0	0	0
31032	2013-05-15 09:50:52	38	0	0	0
31026	2013-05-15 09:51:16	38	0	0	0
31002	2013-05-15 11:04:21	38	0	0	0
31029	2013-05-15 12:54:13	38	0	0	0
31026	2013-05-15 13:11:33	38	0	0	0
31037	2013-05-15 13:23:07	38	0	0	0
31010	2013-05-15 13:26:16	38	0	0	0
31028	2013-05-15 14:13:07	38	0	0	0
31035	2013-05-15 14:13:53	38	0	0	0
31036	2013-05-15 14:14:18	38	0	0	0
31033	2013-05-15 14:15:03	38	0	0	0
31038	2013-05-15 14:16:54	38	0	0	0
31023	2013-05-15 14:25:30	38	0	0	0
31017	2013-05-15 14:55:08	38	0	0	0
31006	2013-05-15 15:13:55	38	0	0	0
31018	2013-05-15 15:24:50	38	0	0	0
31004	2013-05-16 07:33:38	38	0	0	0
31028	2013-05-16 07:41:33	38	0	0	0
31001	2013-05-16 07:50:17	38	0	0	0
31036	2013-05-16 07:53:38	38	0	0	0
31027	2013-05-16 08:11:21	38	0	0	0
31038	2013-05-16 08:20:22	38	0	0	0
31023	2013-05-16 08:21:47	38	0	0	0
31032	2013-05-16 08:41:26	38	0	0	0
31026	2013-05-16 08:51:18	38	0	0	0
31033	2013-05-16 08:51:25	38	0	0	0
31029	2013-05-16 08:57:42	38	0	0	0
31009	2013-05-16 09:05:40	38	0	0	0
31007	2013-05-16 09:07:43	38	0	0	0
31037	2013-05-16 09:16:22	38	0	0	0
31021	2013-05-16 09:20:19	38	0	0	0
31020	2013-05-16 09:26:39	38	0	0	0
31022	2013-05-16 09:26:45	38	0	0	0
31016	2013-05-16 09:29:40	38	0	0	0
31011	2013-05-16 09:57:21	38	0	0	0
31031	2013-05-16 09:59:23	38	0	0	0
31002	2013-05-16 10:02:57	38	0	0	0
31013	2013-05-16 11:25:59	38	0	0	0
31010	2013-05-16 12:52:33	38	0	0	0
31007	2013-05-16 13:16:40	38	0	0	0
31021	2013-05-16 13:18:32	38	0	0	0
31020	2013-05-16 13:41:52	38	0	0	0
31032	2013-05-16 13:41:57	38	0	0	0
31026	2013-05-16 13:44:26	38	0	0	0
31029	2013-05-16 13:48:14	38	0	0	0
31023	2013-05-16 14:14:51	38	0	0	0
31028	2013-05-16 14:28:35	38	0	0	0
31017	2013-05-16 14:45:02	38	0	0	0
31033	2013-05-16 14:45:08	38	0	0	0
31027	2013-05-16 14:45:20	38	0	0	0
31006	2013-05-16 14:46:02	38	0	0	0
31011	2013-05-16 15:18:46	38	0	0	0
31002	2013-05-16 15:34:11	38	0	0	0
31036	2013-05-16 16:22:11	38	0	0	0
31037	2013-05-16 16:22:32	38	0	0	0
31037	2013-05-16 16:25:44	38	0	0	0
31016	2013-05-16 16:36:31	38	0	0	0
31018	2013-05-16 18:32:01	38	0	0	0
31004	2013-05-17 07:40:15	38	0	0	0
31038	2013-05-17 07:45:32	38	0	0	0
31036	2013-05-17 08:05:31	38	0	0	0
31001	2013-05-17 08:10:09	38	0	0	0
31033	2013-05-17 08:20:28	38	0	0	0
31014	2013-05-17 08:20:45	38	0	0	0
31037	2013-05-17 08:23:53	38	0	0	0
31021	2013-05-17 08:33:32	38	0	0	0
31009	2013-05-17 08:34:37	38	0	0	0
31018	2013-05-17 08:36:14	38	0	0	0
31031	2013-05-17 08:36:34	38	0	0	0
31029	2013-05-17 08:38:20	38	0	0	0
31027	2013-05-17 08:42:23	38	0	0	0
31010	2013-05-17 08:49:22	38	0	0	0
31020	2013-05-17 09:16:03	38	0	0	0
31022	2013-05-17 09:25:52	38	0	0	0
31007	2013-05-17 09:39:43	38	0	0	0
31023	2013-05-17 09:41:48	38	0	0	0
31026	2013-05-17 09:46:50	38	0	0	0
31032	2013-05-17 10:08:34	38	0	0	0
31013	2013-05-17 10:09:02	38	0	0	0
31002	2013-05-17 12:05:06	38	0	0	0
31026	2013-05-17 13:49:19	38	0	0	0
31017	2013-05-17 14:27:43	38	0	0	0
31020	2013-05-17 14:48:35	38	0	0	0
31021	2013-05-17 14:50:01	38	0	0	0
31026	2013-05-17 15:20:50	38	0	0	0
31029	2013-05-17 15:20:54	38	0	0	0
31016	2013-05-17 15:26:30	38	0	0	0
31023	2013-05-17 15:26:53	38	0	0	0
31009	2013-05-17 15:32:07	38	0	0	0
31013	2013-05-17 15:45:09	38	0	0	0
31032	2013-05-17 16:06:06	38	0	0	0
31007	2013-05-17 16:14:02	38	0	0	0
31038	2013-05-21 07:17:35	38	0	0	0
31029	2013-05-21 07:44:09	38	0	0	0
31027	2013-05-21 08:00:48	38	0	0	0
31026	2013-05-21 08:07:01	38	0	0	0
31023	2013-05-21 08:24:21	38	0	0	0
31022	2013-05-21 08:27:07	38	0	0	0
31033	2013-05-21 08:33:18	38	0	0	0
31009	2013-05-21 08:37:21	38	0	0	0
31008	2013-05-21 08:45:50	38	0	0	0
31007	2013-05-21 08:53:23	38	0	0	0
31020	2013-05-21 09:02:49	38	0	0	0
31018	2013-05-21 09:04:52	38	0	0	0
31017	2013-05-21 09:15:26	38	0	0	0
31021	2013-05-21 09:37:16	38	0	0	0
31016	2013-05-21 09:43:58	38	0	0	0
31013	2013-05-21 10:52:32	38	0	0	0
31002	2013-05-21 11:30:16	38	0	0	0
31013	2013-05-21 12:44:38	38	0	0	0
31027	2013-05-21 12:56:07	38	0	0	0
31010	2013-05-21 13:36:21	38	0	0	0
31033	2013-05-21 13:43:18	38	0	0	0
31017	2013-05-21 14:07:08	38	0	0	0
31038	2013-05-21 15:04:59	38	0	0	0
31018	2013-05-21 15:50:28	38	0	0	0
31029	2013-05-21 16:46:11	38	0	0	0
31016	2013-05-21 17:17:07	38	0	0	0
31038	2013-05-22 07:46:41	38	0	0	0
31036	2013-05-22 08:04:39	38	0	0	0
31033	2013-05-22 08:13:21	38	0	0	0
31027	2013-05-22 08:14:09	38	0	0	0
31004	2013-05-22 08:18:59	38	0	0	0
31020	2013-05-22 08:29:19	38	0	0	0
31014	2013-05-22 08:39:50	38	0	0	0
31021	2013-05-22 08:41:58	38	0	0	0
31008	2013-05-22 08:52:52	38	0	0	0
31037	2013-05-22 08:52:59	38	0	0	0
31011	2013-05-22 08:55:20	38	0	0	0
31023	2013-05-22 09:01:05	38	0	0	0
31007	2013-05-22 09:02:05	38	0	0	0
31015	2013-05-22 09:18:08	38	0	0	0
31029	2013-05-22 09:21:08	38	0	0	0
31013	2013-05-22 09:32:41	38	0	0	0
31002	2013-05-22 10:12:16	38	0	0	0
31019	2013-05-22 10:39:01	38	0	0	0
31022	2013-05-22 11:31:44	38	0	0	0
31016	2013-05-22 12:51:38	38	0	0	0
31014	2013-05-22 13:18:50	38	0	0	0
31021	2013-05-22 13:54:18	38	0	0	0
31023	2013-05-22 13:56:50	38	0	0	0
31023	2013-05-22 14:13:18	38	0	0	0
31011	2013-05-22 14:27:44	38	0	0	0
31033	2013-05-22 14:30:08	38	0	0	0
31004	2013-05-22 14:32:16	38	0	0	0
31008	2013-05-22 14:32:26	38	0	0	0
31028	2013-05-22 14:32:33	38	0	0	0
31017	2013-05-22 14:35:15	38	0	0	0
31008	2013-05-22 14:46:56	38	0	0	0
31036	2013-05-22 14:48:45	38	0	0	0
31038	2013-05-22 15:24:45	38	0	0	0
31037	2013-05-22 15:25:41	38	0	0	0
31020	2013-05-22 15:27:09	38	0	0	0
31027	2013-05-22 15:27:17	38	0	0	0
31002	2013-05-22 17:02:13	38	0	0	0
31016	2013-05-22 17:41:57	38	0	0	0
31004	2013-05-23 07:25:42	38	0	0	0
31020	2013-05-23 08:22:57	38	0	0	0
31027	2013-05-23 08:23:04	38	0	0	0
31021	2013-05-23 08:41:50	38	0	0	0
31014	2013-05-23 08:55:50	38	0	0	0
31033	2013-05-23 08:56:01	38	0	0	0
31029	2013-05-23 08:56:19	38	0	0	0
31018	2013-05-23 08:56:26	38	0	0	0
31008	2013-05-23 09:02:01	38	0	0	0
31007	2013-05-23 09:07:05	38	0	0	0
31037	2013-05-23 09:07:57	38	0	0	0
31032	2013-05-23 09:14:20	38	0	0	0
31009	2013-05-23 09:17:20	38	0	0	0
31013	2013-05-23 09:22:33	38	0	0	0
31038	2013-05-23 09:29:56	38	0	0	0
31011	2013-05-23 09:32:02	38	0	0	0
31015	2013-05-23 09:32:49	38	0	0	0
31023	2013-05-23 09:42:48	38	0	0	0
31002	2013-05-23 09:44:31	38	0	0	0
31022	2013-05-23 09:46:27	38	0	0	0
31010	2013-05-23 13:24:16	38	0	0	0
31014	2013-05-23 13:26:54	38	0	0	0
31032	2013-05-23 13:27:10	38	0	0	0
31016	2013-05-23 13:27:20	38	0	0	0
31023	2013-05-23 13:57:08	38	0	0	0
31029	2013-05-23 14:03:53	38	0	0	0
31020	2013-05-23 14:12:05	38	0	0	0
31023	2013-05-23 14:14:54	38	0	0	0
31033	2013-05-23 14:18:18	38	0	0	0
31037	2013-05-23 14:30:24	38	0	0	0
31027	2013-05-23 14:31:44	38	0	0	0
31017	2013-05-23 14:36:55	38	0	0	0
31011	2013-05-23 14:59:16	38	0	0	0
31002	2013-05-23 15:11:39	38	0	0	0
31038	2013-05-23 15:40:59	38	0	0	0
31008	2013-05-23 15:50:56	38	0	0	0
31018	2013-05-23 18:37:17	38	0	0	0
31016	2013-05-23 18:38:10	38	0	0	0
31004	2013-05-24 07:41:36	38	0	0	0
31036	2013-05-24 07:57:19	38	0	0	0
31001	2013-05-24 07:57:51	38	0	0	0
31037	2013-05-24 08:14:50	38	0	0	0
31038	2013-05-24 08:22:50	38	0	0	0
31027	2013-05-24 08:26:21	38	0	0	0
31033	2013-05-24 08:54:58	38	0	0	0
31020	2013-05-24 08:55:11	38	0	0	0
31014	2013-05-24 09:01:10	38	0	0	0
31018	2013-05-24 09:09:12	38	0	0	0
31008	2013-05-24 09:09:56	38	0	0	0
31007	2013-05-24 09:16:32	38	0	0	0
31016	2013-05-24 09:33:11	38	0	0	0
31031	2013-05-24 09:33:54	38	0	0	0
31023	2013-05-24 10:16:11	38	0	0	0
31002	2013-05-24 10:21:51	38	0	0	0
31011	2013-05-24 12:43:29	38	0	0	0
31027	2013-05-24 14:12:20	38	0	0	0
31037	2013-05-24 14:13:17	38	0	0	0
31033	2013-05-24 14:13:53	38	0	0	0
31038	2013-05-24 14:18:16	38	0	0	0
31008	2013-05-24 14:20:05	38	0	0	0
31016	2013-05-24 17:02:50	38	0	0	0
31018	2013-05-27 07:33:38	38	0	0	0
31009	2013-05-27 08:03:10	38	0	0	0
31036	2013-05-27 08:04:40	38	0	0	0
31029	2013-05-27 08:04:57	38	0	0	0
31033	2013-05-27 08:07:23	38	0	0	0
31021	2013-05-27 08:09:35	38	0	0	0
31027	2013-05-27 08:09:40	38	0	0	0
31014	2013-05-27 08:11:11	38	0	0	0
31022	2013-05-27 08:13:42	38	0	0	0
31037	2013-05-27 08:14:11	38	0	0	0
31020	2013-05-27 08:14:31	38	0	0	0
31001	2013-05-27 08:16:59	38	0	0	0
31007	2013-05-27 08:17:11	38	0	0	0
31017	2013-05-27 08:22:47	38	0	0	0
31026	2013-05-27 09:05:41	38	0	0	0
31016	2013-05-27 09:10:28	38	0	0	0
31008	2013-05-27 09:19:52	38	0	0	0
31015	2013-05-27 09:26:10	38	0	0	0
31011	2013-05-27 09:28:11	38	0	0	0
31031	2013-05-27 09:43:42	38	0	0	0
31023	2013-05-27 10:05:41	38	0	0	0
31013	2013-05-27 10:15:11	38	0	0	0
31006	2013-05-27 10:17:01	38	0	0	0
31002	2013-05-27 10:41:41	38	0	0	0
31006	2013-05-27 13:01:43	38	0	0	0
31021	2013-05-27 13:52:05	38	0	0	0
31033	2013-05-27 13:52:19	38	0	0	0
31033	2013-05-27 13:58:33	38	0	0	0
31012	2013-05-27 13:58:49	38	0	0	0
31029	2013-05-27 14:23:09	38	0	0	0
31037	2013-05-27 14:31:23	38	0	0	0
31027	2013-05-27 14:31:39	38	0	0	0
31017	2013-05-27 14:57:09	38	0	0	0
31036	2013-05-27 15:33:31	38	0	0	0
31016	2013-05-27 15:42:09	38	0	0	0
31019	2013-05-27 16:26:57	38	0	0	0
31018	2013-05-27 21:01:38	38	0	0	0
31004	2013-05-28 07:23:31	38	0	0	0
31038	2013-05-28 07:33:14	38	0	0	0
31001	2013-05-28 07:40:24	38	0	0	0
31018	2013-05-28 07:48:35	38	0	0	0
31027	2013-05-28 07:58:20	38	0	0	0
31032	2013-05-28 08:04:11	38	0	0	0
31036	2013-05-28 08:04:30	38	0	0	0
31020	2013-05-28 08:19:49	38	0	0	0
31033	2013-05-28 08:30:26	38	0	0	0
31037	2013-05-28 08:39:01	38	0	0	0
31007	2013-05-28 08:45:30	38	0	0	0
31009	2013-05-28 08:48:47	38	0	0	0
31028	2013-05-28 08:53:13	38	0	0	0
31021	2013-05-28 09:06:32	38	0	0	0
31008	2013-05-28 09:08:48	38	0	0	0
31031	2013-05-28 09:10:47	38	0	0	0
31029	2013-05-28 09:14:07	38	0	0	0
31010	2013-05-28 09:40:34	38	0	0	0
31026	2013-05-28 09:41:48	38	0	0	0
31011	2013-05-28 09:42:34	38	0	0	0
31023	2013-05-28 10:10:05	38	0	0	0
31006	2013-05-28 10:31:34	38	0	0	0
31013	2013-05-28 10:32:35	38	0	0	0
31002	2013-05-28 11:18:57	38	0	0	0
31032	2013-05-28 13:43:33	38	0	0	0
31017	2013-05-28 13:58:07	38	0	0	0
31006	2013-05-28 14:02:40	38	0	0	0
31033	2013-05-28 14:43:26	38	0	0	0
31029	2013-05-28 14:51:42	38	0	0	0
31016	2013-05-28 14:52:08	38	0	0	0
31027	2013-05-28 14:53:25	38	0	0	0
31018	2013-05-28 14:56:10	38	0	0	0
31028	2013-05-28 14:59:57	38	0	0	0
31038	2013-05-28 15:00:05	38	0	0	0
31002	2013-05-28 15:02:27	38	0	0	0
31008	2013-05-28 15:16:42	38	0	0	0
31011	2013-05-28 15:22:09	38	0	0	0
31029	2013-05-29 07:29:10	38	0	0	0
31021	2013-05-29 07:59:22	38	0	0	0
31036	2013-05-29 08:35:47	38	0	0	0
31033	2013-05-29 08:37:01	38	0	0	0
31020	2013-05-29 12:00:22	38	0	0	0
31032	2013-05-29 13:31:15	38	0	0	0
31033	2013-05-29 14:54:13	38	0	0	0
31001	2013-05-30 07:43:15	38	0	0	0
31004	2013-05-30 07:54:44	38	0	0	0
31029	2013-05-30 07:58:28	38	0	0	0
31027	2013-05-30 08:11:39	38	0	0	0
31020	2013-05-30 08:13:22	38	0	0	0
31014	2013-05-30 08:18:08	38	0	0	0
31033	2013-05-30 08:32:03	38	0	0	0
31038	2013-05-30 08:32:11	38	0	0	0
31036	2013-05-30 08:41:40	38	0	0	0
31008	2013-05-30 08:47:22	38	0	0	0
31021	2013-05-30 08:49:21	38	0	0	0
31020	2013-05-30 09:00:59	38	0	0	0
31018	2013-05-30 09:04:15	38	0	0	0
31010	2013-05-30 09:19:07	38	0	0	0
31009	2013-05-30 09:31:53	38	0	0	0
31022	2013-05-30 09:34:14	38	0	0	0
31007	2013-05-30 09:40:27	38	0	0	0
31032	2013-05-30 09:49:06	38	0	0	0
31026	2013-05-30 10:04:31	38	0	0	0
31002	2013-05-30 10:32:36	38	0	0	0
31010	2013-05-30 13:42:58	38	0	0	0
31032	2013-05-30 13:43:52	38	0	0	0
31006	2013-05-30 13:47:35	38	0	0	0
31029	2013-05-30 14:02:44	38	0	0	0
31023	2013-05-30 14:14:20	38	0	0	0
31027	2013-05-30 14:35:40	38	0	0	0
31033	2013-05-30 14:53:26	38	0	0	0
31008	2013-05-30 14:53:56	38	0	0	0
31004	2013-05-30 14:55:20	38	0	0	0
31002	2013-05-30 16:01:16	38	0	0	0
31038	2013-05-30 17:00:26	38	0	0	0
31004	2013-05-31 07:59:27	38	0	0	0
31027	2013-05-31 08:19:29	38	0	0	0
31001	2013-05-31 08:25:48	38	0	0	0
31018	2013-05-31 08:33:41	38	0	0	0
31038	2013-05-31 08:52:34	38	0	0	0
31037	2013-05-31 08:54:42	38	0	0	0
31032	2013-05-31 08:57:54	38	0	0	0
31008	2013-05-31 09:07:28	38	0	0	0
31036	2013-05-31 09:08:55	38	0	0	0
31011	2013-05-31 09:12:01	38	0	0	0
31020	2013-05-31 09:14:59	38	0	0	0
31029	2013-05-31 09:31:51	38	0	0	0
31007	2013-05-31 09:36:25	38	0	0	0
31010	2013-05-31 09:42:05	38	0	0	0
31023	2013-05-31 09:55:09	38	0	0	0
31002	2013-05-31 10:12:29	38	0	0	0
31022	2013-05-31 10:44:15	38	0	0	0
31016	2013-05-31 11:51:05	38	0	0	0
31027	2013-05-31 12:35:46	38	0	0	0
31007	2013-05-31 12:36:11	38	0	0	0
31010	2013-05-31 13:10:56	38	0	0	0
31006	2013-05-31 13:17:43	38	0	0	0
31011	2013-05-31 14:01:42	38	0	0	0
31002	2013-05-31 14:20:23	38	0	0	0
31029	2013-05-31 14:20:31	38	0	0	0
31038	2013-05-31 14:27:50	38	0	0	0
31033	2013-05-31 14:53:58	38	0	0	0
31008	2013-05-31 14:59:38	38	0	0	0
31018	2013-05-31 15:51:21	38	0	0	0
31018	2013-06-03 07:39:14	38	0	0	0
31017	2013-06-03 08:02:26	38	0	0	0
31038	2013-06-03 08:07:09	38	0	0	0
31029	2013-06-03 08:14:27	38	0	0	0
31033	2013-06-03 08:17:28	38	0	0	0
31014	2013-06-03 08:30:44	38	0	0	0
31032	2013-06-03 08:31:53	38	0	0	0
31011	2013-06-03 08:34:40	38	0	0	0
31022	2013-06-03 08:41:01	38	0	0	0
31009	2013-06-03 08:43:21	38	0	0	0
31007	2013-06-03 08:54:15	38	0	0	0
31021	2013-06-03 08:54:26	38	0	0	0
31004	2013-06-03 08:55:18	38	0	0	0
31026	2013-06-03 09:18:12	38	0	0	0
31010	2013-06-03 09:19:01	38	0	0	0
31008	2013-06-03 09:28:07	38	0	0	0
31002	2013-06-03 09:29:40	38	0	0	0
31023	2013-06-03 09:31:45	38	0	0	0
31036	2013-06-03 09:51:21	38	0	0	0
31037	2013-06-03 09:53:20	38	0	0	0
31027	2013-06-03 09:54:05	38	0	0	0
31031	2013-06-03 09:59:25	38	0	0	0
31015	2013-06-03 10:23:27	38	0	0	0
31016	2013-06-03 12:02:48	38	0	0	0
31006	2013-06-03 12:41:29	38	0	0	0
31020	2013-06-03 13:37:26	38	0	0	0
31009	2013-06-03 13:38:39	38	0	0	0
31023	2013-06-03 14:23:34	38	0	0	0
31014	2013-06-03 14:25:35	38	0	0	0
31027	2013-06-03 14:25:45	38	0	0	0
31016	2013-06-03 14:34:40	38	0	0	0
31031	2013-06-03 14:35:19	38	0	0	0
31002	2013-06-03 14:43:14	38	0	0	0
31006	2013-06-03 14:45:49	38	0	0	0
31017	2013-06-03 14:48:43	38	0	0	0
31037	2013-06-03 14:52:45	38	0	0	0
31029	2013-06-03 14:53:02	38	0	0	0
31010	2013-06-03 14:55:29	38	0	0	0
31018	2013-06-03 15:17:58	38	0	0	0
31033	2013-06-03 15:18:17	38	0	0	0
31011	2013-06-03 16:00:04	38	0	0	0
31036	2013-06-03 16:03:19	38	0	0	0
31008	2013-06-03 16:03:23	38	0	0	0
31004	2013-06-04 07:33:48	38	0	0	0
31001	2013-06-04 07:49:46	38	0	0	0
31020	2013-06-04 07:52:15	38	0	0	0
31033	2013-06-04 08:08:12	38	0	0	0
31022	2013-06-04 08:15:36	38	0	0	0
31007	2013-06-04 08:16:36	38	0	0	0
31038	2013-06-04 08:19:45	38	0	0	0
31032	2013-06-04 08:22:56	38	0	0	0
31036	2013-06-04 08:33:59	38	0	0	0
31009	2013-06-04 08:43:31	38	0	0	0
31027	2013-06-04 08:49:14	38	0	0	0
31026	2013-06-04 09:03:33	38	0	0	0
31002	2013-06-04 09:03:46	38	0	0	0
31023	2013-06-04 09:05:43	38	0	0	0
31008	2013-06-04 09:07:38	38	0	0	0
31023	2013-06-04 09:12:18	38	0	0	0
31037	2013-06-04 09:18:04	38	0	0	0
31026	2013-06-04 09:23:51	38	0	0	0
31021	2013-06-04 09:27:12	38	0	0	0
31026	2013-06-04 09:59:40	38	0	0	0
31029	2013-06-04 10:05:50	38	0	0	0
31016	2013-06-04 10:27:48	38	0	0	0
31031	2013-06-04 10:30:29	38	0	0	0
31010	2013-06-04 10:34:10	38	0	0	0
31014	2013-06-04 13:48:23	38	0	0	0
31032	2013-06-04 13:51:03	38	0	0	0
31009	2013-06-04 13:59:28	38	0	0	0
31020	2013-06-04 14:36:01	38	0	0	0
31033	2013-06-04 14:58:56	38	0	0	0
31037	2013-06-04 15:00:49	38	0	0	0
31038	2013-06-04 15:01:05	38	0	0	0
31017	2013-06-04 15:22:14	38	0	0	0
31026	2013-06-04 17:02:19	38	0	0	0
31002	2013-06-04 17:08:58	38	0	0	0
31016	2013-06-04 17:09:08	38	0	0	0
31029	2013-06-05 06:00:30	38	0	0	0
31038	2013-06-05 07:51:07	38	0	0	0
31032	2013-06-05 07:52:29	38	0	0	0
31033	2013-06-05 08:01:38	38	0	0	0
31027	2013-06-05 08:08:53	38	0	0	0
31023	2013-06-05 08:09:58	38	0	0	0
31026	2013-06-05 08:13:31	38	0	0	0
31001	2013-06-05 08:16:31	38	0	0	0
31021	2013-06-05 08:36:31	38	0	0	0
31036	2013-06-05 08:51:49	38	0	0	0
31014	2013-06-05 08:56:05	38	0	0	0
31007	2013-06-05 09:06:02	38	0	0	0
31009	2013-06-05 09:07:34	38	0	0	0
31037	2013-06-05 09:11:17	38	0	0	0
31008	2013-06-05 09:20:21	38	0	0	0
31037	2013-06-05 09:24:19	38	0	0	0
31018	2013-06-05 09:34:22	38	0	0	0
31013	2013-06-05 09:45:43	38	0	0	0
31013	2013-06-05 09:45:45	38	0	0	0
31015	2013-06-05 09:46:02	38	0	0	0
31011	2013-06-05 10:05:30	38	0	0	0
31002	2013-06-05 11:44:35	38	0	0	0
31017	2013-06-05 14:40:07	38	0	0	0
31011	2013-06-05 16:01:17	38	0	0	0
31018	2013-06-05 16:21:25	38	0	0	0
31037	2013-06-05 16:46:49	38	0	0	0
31016	2013-06-05 19:01:40	38	0	0	0
31033	2013-06-05 19:24:44	38	0	0	0
31038	2013-06-05 19:24:53	38	0	0	0
31004	2013-06-07 07:34:49	38	0	0	0
31033	2013-06-07 07:35:05	38	0	0	0
31001	2013-06-07 07:59:03	38	0	0	0
31036	2013-06-07 08:21:41	38	0	0	0
31018	2013-06-07 08:25:34	38	0	0	0
31027	2013-06-07 08:33:30	38	0	0	0
31038	2013-06-07 08:40:54	38	0	0	0
31020	2013-06-07 08:43:26	38	0	0	0
31008	2013-06-07 08:57:14	38	0	0	0
31011	2013-06-07 09:06:17	38	0	0	0
31021	2013-06-07 09:18:24	38	0	0	0
31029	2013-06-07 09:24:00	38	0	0	0
31023	2013-06-07 09:34:04	38	0	0	0
31007	2013-06-07 09:41:57	38	0	0	0
31031	2013-06-07 10:14:21	38	0	0	0
31037	2013-06-07 10:24:56	38	0	0	0
31008	2013-06-07 10:30:35	38	0	0	0
31032	2013-06-07 10:32:32	38	0	0	0
31013	2013-06-07 10:41:40	38	0	0	0
31006	2013-06-07 12:06:13	38	0	0	0
31014	2013-06-07 13:09:28	38	0	0	0
31023	2013-06-07 13:09:44	38	0	0	0
31031	2013-06-07 13:14:56	38	0	0	0
31011	2013-06-07 13:30:35	38	0	0	0
31029	2013-06-07 14:19:15	38	0	0	0
31037	2013-06-07 14:29:15	38	0	0	0
31033	2013-06-07 14:29:31	38	0	0	0
31018	2013-06-07 14:38:38	38	0	0	0
31017	2013-06-07 14:48:20	38	0	0	0
31036	2013-06-09 14:33:58	38	0	0	0
31004	2013-06-10 07:58:25	38	0	0	0
31001	2013-06-10 08:00:34	38	0	0	0
31033	2013-06-10 08:01:07	38	0	0	0
31036	2013-06-10 08:14:04	38	0	0	0
31038	2013-06-10 08:14:13	38	0	0	0
31029	2013-06-10 08:26:59	38	0	0	0
31017	2013-06-10 08:30:47	38	0	0	0
31020	2013-06-10 08:31:11	38	0	0	0
31010	2013-06-10 08:32:05	38	0	0	0
31015	2013-06-10 08:35:35	38	0	0	0
31027	2013-06-10 08:38:43	38	0	0	0
31018	2013-06-10 08:45:29	38	0	0	0
31009	2013-06-10 08:45:40	38	0	0	0
31011	2013-06-10 08:46:28	38	0	0	0
31035	2013-06-10 08:53:51	38	0	0	0
31023	2013-06-10 08:58:58	38	0	0	0
31026	2013-06-10 09:03:33	38	0	0	0
31007	2013-06-10 09:05:14	38	0	0	0
31021	2013-06-10 09:05:20	38	0	0	0
31031	2013-06-10 09:05:48	38	0	0	0
31008	2013-06-10 09:10:01	38	0	0	0
31037	2013-06-10 09:33:01	38	0	0	0
31019	2013-06-10 09:39:26	38	0	0	0
31013	2013-06-10 09:40:04	38	0	0	0
31002	2013-06-10 10:10:14	38	0	0	0
31032	2013-06-10 10:50:51	38	0	0	0
31022	2013-06-10 12:41:06	38	0	0	0
31037	2013-06-10 13:57:18	38	0	0	0
31013	2013-06-10 14:00:55	38	0	0	0
31014	2013-06-10 14:31:21	38	0	0	0
31029	2013-06-10 14:33:59	38	0	0	0
31020	2013-06-10 14:38:56	38	0	0	0
31032	2013-06-10 14:55:35	38	0	0	0
31021	2013-06-10 14:58:16	38	0	0	0
31023	2013-06-10 15:00:17	38	0	0	0
31017	2013-06-10 15:01:13	38	0	0	0
31011	2013-06-10 15:01:44	38	0	0	0
31027	2013-06-10 15:02:03	38	0	0	0
31006	2013-06-10 15:12:54	38	0	0	0
31033	2013-06-10 15:19:55	38	0	0	0
31038	2013-06-10 15:21:22	38	0	0	0
31035	2013-06-10 15:40:54	38	0	0	0
31019	2013-06-10 15:46:53	38	0	0	0
31002	2013-06-10 15:47:33	38	0	0	0
31016	2013-06-10 17:50:11	38	0	0	0
31018	2013-06-10 18:05:11	38	0	0	0
31004	2013-06-11 07:35:33	38	0	0	0
31001	2013-06-11 07:45:43	38	0	0	0
31020	2013-06-11 07:50:04	38	0	0	0
31032	2013-06-11 07:58:10	38	0	0	0
31021	2013-06-11 08:16:54	38	0	0	0
31027	2013-06-11 08:19:18	38	0	0	0
31036	2013-06-11 08:24:15	38	0	0	0
31038	2013-06-11 08:29:16	38	0	0	0
31007	2013-06-11 08:37:52	38	0	0	0
31035	2013-06-11 08:38:14	38	0	0	0
31037	2013-06-11 08:38:54	38	0	0	0
31010	2013-06-11 08:43:44	38	0	0	0
31037	2013-06-11 08:43:50	38	0	0	0
31023	2013-06-11 08:46:00	38	0	0	0
31022	2013-06-11 09:05:33	38	0	0	0
31011	2013-06-11 09:11:25	38	0	0	0
31013	2013-06-11 09:12:12	38	0	0	0
31014	2013-06-11 09:12:39	38	0	0	0
31026	2013-06-11 09:16:19	38	0	0	0
31031	2013-06-11 09:16:42	38	0	0	0
31029	2013-06-11 09:26:21	38	0	0	0
31002	2013-06-11 09:36:01	38	0	0	0
31006	2013-06-11 11:58:34	38	0	0	0
31037	2013-06-11 13:17:07	38	0	0	0
31029	2013-06-11 14:37:39	38	0	0	0
31013	2013-06-11 14:56:46	38	0	0	0
31006	2013-06-11 14:57:01	38	0	0	0
31014	2013-06-11 14:57:20	38	0	0	0
31011	2013-06-11 14:58:42	38	0	0	0
31033	2013-06-11 15:26:36	38	0	0	0
31027	2013-06-11 16:17:40	38	0	0	0
31021	2013-06-11 16:18:31	38	0	0	0
31023	2013-06-11 18:08:39	38	0	0	0
31002	2013-06-11 18:24:46	38	0	0	0
31018	2013-06-11 18:32:36	38	0	0	0
31004	2013-06-12 07:27:18	38	0	0	0
31027	2013-06-12 07:49:45	38	0	0	0
31001	2013-06-12 08:11:54	38	0	0	0
31011	2013-06-12 08:14:05	38	0	0	0
31033	2013-06-12 08:26:16	38	0	0	0
31018	2013-06-12 08:29:17	38	0	0	0
31007	2013-06-12 08:40:46	38	0	0	0
31026	2013-06-12 08:40:52	38	0	0	0
31009	2013-06-12 08:53:24	38	0	0	0
31016	2013-06-12 08:53:38	38	0	0	0
31036	2013-06-12 08:53:44	38	0	0	0
31032	2013-06-12 09:02:19	38	0	0	0
31022	2013-06-12 10:25:24	38	0	0	0
31037	2013-06-12 10:29:55	38	0	0	0
31029	2013-06-12 10:35:03	38	0	0	0
31029	2013-06-12 14:11:04	38	0	0	0
31031	2013-06-12 14:23:01	38	0	0	0
31035	2013-06-12 14:26:27	38	0	0	0
31033	2013-06-12 15:13:35	38	0	0	0
31002	2013-06-12 15:51:12	38	0	0	0
31006	2013-06-12 15:53:26	38	0	0	0
31036	2013-06-12 16:40:11	38	0	0	0
31004	2013-06-12 16:40:33	38	0	0	0
31011	2013-06-12 16:54:37	38	0	0	0
31018	2013-06-12 18:01:45	38	0	0	0
31016	2013-06-12 18:02:26	38	0	0	0
31004	2013-06-13 07:49:05	38	0	0	0
31027	2013-06-13 08:01:07	38	0	0	0
31033	2013-06-13 08:10:27	38	0	0	0
31038	2013-06-13 08:28:42	38	0	0	0
31020	2013-06-13 08:45:17	38	0	0	0
31036	2013-06-13 08:45:23	38	0	0	0
31008	2013-06-13 08:49:48	38	0	0	0
31002	2013-06-13 08:58:14	38	0	0	0
31001	2013-06-13 09:10:31	38	0	0	0
31026	2013-06-13 09:15:21	38	0	0	0
31009	2013-06-13 09:25:21	38	0	0	0
31029	2013-06-13 09:36:27	38	0	0	0
31018	2013-06-13 09:53:12	38	0	0	0
31014	2013-06-13 09:53:18	38	0	0	0
31037	2013-06-13 10:00:47	38	0	0	0
31032	2013-06-13 10:09:43	38	0	0	0
31010	2013-06-13 10:10:47	38	0	0	0
31017	2013-06-13 10:12:57	38	0	0	0
31037	2013-06-13 10:53:09	38	0	0	0
31013	2013-06-13 12:10:18	38	0	0	0
31029	2013-06-13 12:43:23	38	0	0	0
31023	2013-06-13 14:58:22	38	0	0	0
31037	2013-06-13 15:23:58	38	0	0	0
31038	2013-06-13 15:25:59	38	0	0	0
31006	2013-06-13 15:26:39	38	0	0	0
31033	2013-06-13 16:06:12	38	0	0	0
31018	2013-06-13 16:19:43	38	0	0	0
31008	2013-06-13 16:53:11	38	0	0	0
31004	2013-06-13 16:54:08	38	0	0	0
31036	2013-06-13 17:01:56	38	0	0	0
31004	2013-06-14 07:23:35	38	0	0	0
31027	2013-06-14 08:11:44	38	0	0	0
31023	2013-06-14 08:33:12	38	0	0	0
31033	2013-06-14 08:44:58	38	0	0	0
31008	2013-06-14 08:48:46	38	0	0	0
31036	2013-06-14 09:06:45	38	0	0	0
31015	2013-06-14 09:07:10	38	0	0	0
31014	2013-06-14 09:07:17	38	0	0	0
31032	2013-06-14 09:07:32	38	0	0	0
31026	2013-06-14 09:09:54	38	0	0	0
31009	2013-06-14 09:11:21	38	0	0	0
31037	2013-06-14 09:11:46	38	0	0	0
31037	2013-06-14 09:16:10	38	0	0	0
31007	2013-06-14 11:29:14	38	0	0	0
31026	2013-06-14 13:51:27	38	0	0	0
31006	2013-06-14 13:57:43	38	0	0	0
31033	2013-06-14 14:41:22	38	0	0	0
31027	2013-06-14 14:41:31	38	0	0	0
31037	2013-06-14 14:41:39	38	0	0	0
31008	2013-06-14 15:11:55	38	0	0	0
31037	2013-06-14 15:12:09	38	0	0	0
31036	2013-06-15 11:07:02	38	0	0	0
31007	2013-06-17 07:48:48	38	0	0	0
31029	2013-06-17 07:52:55	38	0	0	0
31038	2013-06-17 07:54:44	38	0	0	0
31027	2013-06-17 07:55:59	38	0	0	0
31014	2013-06-17 07:56:36	38	0	0	0
31015	2013-06-17 08:07:56	38	0	0	0
31033	2013-06-17 08:13:15	38	0	0	0
31021	2013-06-17 08:15:13	38	0	0	0
31020	2013-06-17 08:15:30	38	0	0	0
31008	2013-06-17 08:16:12	38	0	0	0
31017	2013-06-17 08:16:46	38	0	0	0
31035	2013-06-17 08:37:53	38	0	0	0
31010	2013-06-17 08:41:08	38	0	0	0
31004	2013-06-17 08:47:41	38	0	0	0
31037	2013-06-17 09:04:50	38	0	0	0
31037	2013-06-17 09:05:45	38	0	0	0
31032	2013-06-17 10:08:33	38	0	0	0
31009	2013-06-17 11:16:37	38	0	0	0
31006	2013-06-17 11:24:22	38	0	0	0
31029	2013-06-17 14:23:13	38	0	0	0
31017	2013-06-17 14:31:15	38	0	0	0
31006	2013-06-17 14:31:26	38	0	0	0
31014	2013-06-17 14:38:43	38	0	0	0
31027	2013-06-17 14:38:53	38	0	0	0
31033	2013-06-17 14:42:24	38	0	0	0
31008	2013-06-17 15:50:27	38	0	0	0
31038	2013-06-17 15:50:36	38	0	0	0
31021	2013-06-18 07:54:00	38	0	0	0
31038	2013-06-18 08:06:41	38	0	0	0
31032	2013-06-18 08:15:34	38	0	0	0
31027	2013-06-18 08:19:15	38	0	0	0
31001	2013-06-18 08:23:39	38	0	0	0
31036	2013-06-18 08:30:56	38	0	0	0
31020	2013-06-18 08:33:32	38	0	0	0
31029	2013-06-18 08:44:02	38	0	0	0
31009	2013-06-18 08:46:29	38	0	0	0
31037	2013-06-18 09:10:46	38	0	0	0
31010	2013-06-18 09:24:25	38	0	0	0
31033	2013-06-18 09:33:57	38	0	0	0
31026	2013-06-18 09:36:22	38	0	0	0
31008	2013-06-18 09:36:37	38	0	0	0
31011	2013-06-18 09:42:55	38	0	0	0
31007	2013-06-18 10:04:01	38	0	0	0
31006	2013-06-18 12:13:15	38	0	0	0
31020	2013-06-18 12:56:22	38	0	0	0
31032	2013-06-18 13:11:58	38	0	0	0
31037	2013-06-18 13:51:54	38	0	0	0
31014	2013-06-18 14:07:22	38	0	0	0
31027	2013-06-18 14:07:51	38	0	0	0
31010	2013-06-18 14:21:32	38	0	0	0
31029	2013-06-18 14:21:43	38	0	0	0
31032	2013-06-18 14:21:53	38	0	0	0
31033	2013-06-18 14:22:04	38	0	0	0
31017	2013-06-18 14:54:36	38	0	0	0
31006	2013-06-18 14:55:18	38	0	0	0
31011	2013-06-18 15:42:42	38	0	0	0
31036	2013-06-18 16:10:40	38	0	0	0
31038	2013-06-18 17:11:00	38	0	0	0
31004	2013-06-19 07:48:46	38	0	0	0
31032	2013-06-19 08:03:15	38	0	0	0
31001	2013-06-19 08:05:46	38	0	0	0
31020	2013-06-19 08:09:26	38	0	0	0
31027	2013-06-19 08:14:51	38	0	0	0
31035	2013-06-19 08:16:43	38	0	0	0
31037	2013-06-19 08:17:46	38	0	0	0
31033	2013-06-19 08:35:36	38	0	0	0
31036	2013-06-19 08:39:56	38	0	0	0
31007	2013-06-19 08:43:33	38	0	0	0
31021	2013-06-19 08:55:08	38	0	0	0
31029	2013-06-19 08:56:22	38	0	0	0
31010	2013-06-19 09:14:58	38	0	0	0
31026	2013-06-19 09:16:00	38	0	0	0
31013	2013-06-19 09:19:54	38	0	0	0
31009	2013-06-19 09:24:17	38	0	0	0
31038	2013-06-19 09:34:00	38	0	0	0
31015	2013-06-19 10:14:18	38	0	0	0
31020	2013-06-19 14:00:57	38	0	0	0
31014	2013-06-19 14:06:10	38	0	0	0
31032	2013-06-19 14:06:29	38	0	0	0
31006	2013-06-19 15:33:45	38	0	0	0
31038	2013-06-19 15:34:14	38	0	0	0
31013	2013-06-19 15:35:44	38	0	0	0
31033	2013-06-19 15:39:19	38	0	0	0
31011	2013-06-19 15:44:04	38	0	0	0
31036	2013-06-19 17:37:56	38	0	0	0
31001	2013-06-20 08:01:58	38	0	0	0
31033	2013-06-20 08:30:33	38	0	0	0
31011	2013-06-20 08:30:39	38	0	0	0
31004	2013-06-20 08:30:48	38	0	0	0
31002	2013-06-20 08:39:37	38	0	0	0
31020	2013-06-20 08:46:36	38	0	0	0
31038	2013-06-20 08:51:05	38	0	0	0
31014	2013-06-20 09:16:19	38	0	0	0
31009	2013-06-20 09:19:33	38	0	0	0
31027	2013-06-20 09:22:33	38	0	0	0
31015	2013-06-20 09:37:16	38	0	0	0
31021	2013-06-20 09:54:50	38	0	0	0
31032	2013-06-20 09:55:56	38	0	0	0
31036	2013-06-20 09:58:05	38	0	0	0
31008	2013-06-20 10:07:10	38	0	0	0
31023	2013-06-20 10:23:45	38	0	0	0
31031	2013-06-20 10:38:55	38	0	0	0
31022	2013-06-20 11:55:26	38	0	0	0
31020	2013-06-20 13:20:13	38	0	0	0
31009	2013-06-20 13:32:12	38	0	0	0
31027	2013-06-20 13:36:16	38	0	0	0
31038	2013-06-20 13:48:53	38	0	0	0
31023	2013-06-20 14:01:42	38	0	0	0
31033	2013-06-20 14:04:14	38	0	0	0
31011	2013-06-20 14:13:22	38	0	0	0
31015	2013-06-20 15:27:22	38	0	0	0
31007	2013-06-21 08:17:30	38	0	0	0
31001	2013-06-21 08:17:35	38	0	0	0
31004	2013-06-21 08:17:48	38	0	0	0
31020	2013-06-21 08:18:42	38	0	0	0
31027	2013-06-21 08:20:37	38	0	0	0
31038	2013-06-21 08:29:37	38	0	0	0
31036	2013-06-21 08:41:58	38	0	0	0
31009	2013-06-21 08:42:07	38	0	0	0
31033	2013-06-21 08:42:21	38	0	0	0
31029	2013-06-21 08:58:04	38	0	0	0
31035	2013-06-21 09:13:26	38	0	0	0
31015	2013-06-21 09:27:37	38	0	0	0
31023	2013-06-21 09:28:07	38	0	0	0
31021	2013-06-21 09:52:46	38	0	0	0
31010	2013-06-21 10:04:34	38	0	0	0
31002	2013-06-21 10:21:29	38	0	0	0
31002	2013-06-21 10:21:35	38	0	0	0
31032	2013-06-21 10:56:45	38	0	0	0
31027	2013-06-21 12:17:32	38	0	0	0
31032	2013-06-21 12:17:56	38	0	0	0
31032	2013-06-21 12:24:11	38	0	0	0
31023	2013-06-21 12:54:35	38	0	0	0
31035	2013-06-21 14:12:38	38	0	0	0
31002	2013-06-21 14:42:11	38	0	0	0
31019	2013-06-21 14:58:24	38	0	0	0
31038	2013-06-21 15:01:48	38	0	0	0
31016	2013-06-21 16:01:53	38	0	0	0
31015	2013-06-21 16:17:23	38	0	0	0
31008	2013-06-21 17:04:07	38	0	0	0
31007	2013-06-24 08:10:29	38	0	0	0
31004	2013-06-24 08:11:25	38	0	0	0
31038	2013-06-24 08:13:28	38	0	0	0
31035	2013-06-24 08:19:01	38	0	0	0
31036	2013-06-24 08:27:14	38	0	0	0
31033	2013-06-24 08:32:15	38	0	0	0
31009	2013-06-24 08:38:36	38	0	0	0
31023	2013-06-24 08:44:12	38	0	0	0
31008	2013-06-24 08:50:46	38	0	0	0
31018	2013-06-24 09:03:07	38	0	0	0
31015	2013-06-24 09:05:12	38	0	0	0
31016	2013-06-24 09:24:15	38	0	0	0
31011	2013-06-24 09:54:04	38	0	0	0
31031	2013-06-24 10:32:53	38	0	0	0
31019	2013-06-24 11:07:13	38	0	0	0
31021	2013-06-24 11:09:57	38	0	0	0
31002	2013-06-24 12:43:17	38	0	0	0
31016	2013-06-24 13:29:23	38	0	0	0
31023	2013-06-24 13:55:39	38	0	0	0
31020	2013-06-24 15:27:34	38	0	0	0
31011	2013-06-24 15:34:22	38	0	0	0
31033	2013-06-24 15:59:36	38	0	0	0
31038	2013-06-24 16:15:28	38	0	0	0
31035	2013-06-24 16:16:37	38	0	0	0
31036	2013-06-24 16:16:44	38	0	0	0
31018	2013-06-24 16:51:20	38	0	0	0
31036	2013-06-25 08:35:40	38	0	0	0
31035	2013-06-25 08:45:35	38	0	0	0
31035	2013-06-25 08:57:50	38	0	0	0
31009	2013-06-25 09:10:01	38	0	0	0
31018	2013-06-25 09:21:22	38	0	0	0
31023	2013-06-25 09:23:24	38	0	0	0
31008	2013-06-25 09:44:30	38	0	0	0
31015	2013-06-25 09:52:10	38	0	0	0
31033	2013-06-25 10:04:12	38	0	0	0
31038	2013-06-25 10:29:28	38	0	0	0
31016	2013-06-25 10:31:46	38	0	0	0
31022	2013-06-25 10:38:29	38	0	0	0
31023	2013-06-25 14:33:29	38	0	0	0
31016	2013-06-25 14:45:06	38	0	0	0
31015	2013-06-25 16:14:23	38	0	0	0
31033	2013-06-25 16:14:33	38	0	0	0
31008	2013-06-25 16:15:01	38	0	0	0
31035	2013-06-25 18:10:40	38	0	0	0
31036	2013-06-25 18:10:54	38	0	0	0
31018	2013-06-25 19:46:21	38	0	0	0
31018	2013-06-26 07:24:12	38	0	0	0
31004	2013-06-26 07:30:20	38	0	0	0
31036	2013-06-26 08:20:28	38	0	0	0
31020	2013-06-26 08:21:16	38	0	0	0
31021	2013-06-26 08:37:54	38	0	0	0
31035	2013-06-26 08:40:23	38	0	0	0
31038	2013-06-26 08:54:08	38	0	0	0
31009	2013-06-26 08:58:00	38	0	0	0
31033	2013-06-26 09:05:10	38	0	0	0
31010	2013-06-26 09:10:24	38	0	0	0
31015	2013-06-26 09:38:46	38	0	0	0
31023	2013-06-26 10:09:47	38	0	0	0
31011	2013-06-26 10:39:28	38	0	0	0
31022	2013-06-26 11:51:09	38	0	0	0
31023	2013-06-26 15:02:08	38	0	0	0
31033	2013-06-26 15:09:06	38	0	0	0
31015	2013-06-26 15:24:34	38	0	0	0
31014	2013-06-27 07:38:15	38	0	0	0
31004	2013-06-27 07:53:05	38	0	0	0
31033	2013-06-27 08:09:39	38	0	0	0
31035	2013-06-27 08:35:00	38	0	0	0
31038	2013-06-27 08:53:21	38	0	0	0
31023	2013-06-27 08:58:25	38	0	0	0
31036	2013-06-27 09:02:15	38	0	0	0
31032	2013-06-27 09:09:37	38	0	0	0
31026	2013-06-27 09:13:26	38	0	0	0
31018	2013-06-27 09:18:36	38	0	0	0
31009	2013-06-27 09:23:27	38	0	0	0
31015	2013-06-27 09:25:07	38	0	0	0
31037	2013-06-27 09:45:17	38	0	0	0
31017	2013-06-27 13:50:34	38	0	0	0
31032	2013-06-27 14:03:35	38	0	0	0
31033	2013-06-27 14:04:21	38	0	0	0
31033	2013-06-27 14:26:07	38	0	0	0
31018	2013-06-27 19:57:56	38	0	0	0
31014	2013-06-28 07:49:27	38	0	0	0
31027	2013-06-28 08:15:48	38	0	0	0
31033	2013-06-28 08:16:49	38	0	0	0
31029	2013-06-28 08:17:14	38	0	0	0
31020	2013-06-28 08:28:21	38	0	0	0
31035	2013-06-28 08:45:47	38	0	0	0
31002	2013-06-28 08:53:43	38	0	0	0
31032	2013-06-28 08:55:00	38	0	0	0
31015	2013-06-28 09:08:54	38	0	0	0
31018	2013-06-28 09:10:11	38	0	0	0
31009	2013-06-28 09:11:41	38	0	0	0
31038	2013-06-28 09:20:25	38	0	0	0
31017	2013-06-28 09:34:00	38	0	0	0
31011	2013-06-28 10:01:42	38	0	0	0
31023	2013-06-28 10:01:54	38	0	0	0
31016	2013-06-28 10:30:40	38	0	0	0
31022	2013-06-28 12:13:22	38	0	0	0
31029	2013-06-28 12:38:42	38	0	0	0
31017	2013-06-28 12:58:13	38	0	0	0
31027	2013-06-28 13:20:48	38	0	0	0
31009	2013-06-28 14:18:22	38	0	0	0
31033	2013-06-28 14:21:01	38	0	0	0
31014	2013-06-28 14:43:32	38	0	0	0
31016	2013-06-28 14:47:25	38	0	0	0
31011	2013-06-28 14:53:44	38	0	0	0
31038	2013-06-28 15:48:38	38	0	0	0
31002	2013-06-28 15:55:18	38	0	0	0
31018	2013-06-28 20:15:02	38	0	0	0
31018	2013-07-01 06:52:34	38	0	0	0
31033	2013-07-01 07:46:12	38	0	0	0
31037	2013-07-01 07:54:23	38	0	0	0
31001	2013-07-01 07:54:39	38	0	0	0
31022	2013-07-01 07:57:20	38	0	0	0
31017	2013-07-01 08:09:49	38	0	0	0
31032	2013-07-01 08:13:33	38	0	0	0
31007	2013-07-01 08:33:35	38	0	0	0
31029	2013-07-01 08:41:46	38	0	0	0
31002	2013-07-01 08:46:27	38	0	0	0
31011	2013-07-01 08:48:33	38	0	0	0
31026	2013-07-01 09:07:44	38	0	0	0
31023	2013-07-01 09:12:04	38	0	0	0
31027	2013-07-01 09:17:00	38	0	0	0
31009	2013-07-01 09:18:22	38	0	0	0
31031	2013-07-01 11:27:35	38	0	0	0
31020	2013-07-01 11:33:16	38	0	0	0
31038	2013-07-01 13:08:45	38	0	0	0
31029	2013-07-01 13:10:56	38	0	0	0
31017	2013-07-01 13:24:06	38	0	0	0
31037	2013-07-01 13:36:38	38	0	0	0
31023	2013-07-01 13:42:11	38	0	0	0
31020	2013-07-01 14:31:29	38	0	0	0
31027	2013-07-01 14:32:38	38	0	0	0
31016	2013-07-01 14:38:59	38	0	0	0
31032	2013-07-01 14:55:45	38	0	0	0
31033	2013-07-01 15:14:36	38	0	0	0
31038	2013-07-01 15:25:40	38	0	0	0
31035	2013-07-01 16:42:23	38	0	0	0
31018	2013-07-01 16:44:14	38	0	0	0
31004	2013-07-02 07:42:07	38	0	0	0
31014	2013-07-02 07:42:24	38	0	0	0
31001	2013-07-02 07:55:32	38	0	0	0
31038	2013-07-02 07:58:02	38	0	0	0
31033	2013-07-02 08:23:42	38	0	0	0
31020	2013-07-02 08:24:38	38	0	0	0
31007	2013-07-02 08:31:25	38	0	0	0
31036	2013-07-02 08:33:17	38	0	0	0
31035	2013-07-02 08:53:26	38	0	0	0
31015	2013-07-02 09:05:10	38	0	0	0
31037	2013-07-02 09:06:13	38	0	0	0
31026	2013-07-02 09:09:54	38	0	0	0
31027	2013-07-02 09:19:34	38	0	0	0
31032	2013-07-02 09:21:36	38	0	0	0
31009	2013-07-02 09:23:00	38	0	0	0
31018	2013-07-02 09:41:42	38	0	0	0
31002	2013-07-02 09:49:42	38	0	0	0
31016	2013-07-02 09:49:45	38	0	0	0
31031	2013-07-02 13:19:27	38	0	0	0
31017	2013-07-02 13:46:27	38	0	0	0
31020	2013-07-02 14:13:13	38	0	0	0
31027	2013-07-02 14:17:37	38	0	0	0
31001	2013-07-02 15:13:47	38	0	0	0
31002	2013-07-02 15:13:51	38	0	0	0
31032	2013-07-02 15:54:14	38	0	0	0
31037	2013-07-02 17:00:27	38	0	0	0
31033	2013-07-02 17:00:31	38	0	0	0
31016	2013-07-02 18:21:42	38	0	0	0
31032	2013-07-03 06:40:02	38	0	0	0
31004	2013-07-03 07:47:23	38	0	0	0
31014	2013-07-03 07:51:34	38	0	0	0
31027	2013-07-03 07:51:44	38	0	0	0
31016	2013-07-03 08:08:21	38	0	0	0
31007	2013-07-03 08:14:27	38	0	0	0
31037	2013-07-03 08:18:19	38	0	0	0
31035	2013-07-03 08:33:24	38	0	0	0
31033	2013-07-03 08:39:20	38	0	0	0
31038	2013-07-03 08:45:15	38	0	0	0
31020	2013-07-03 08:46:50	38	0	0	0
31036	2013-07-03 08:47:03	38	0	0	0
31023	2013-07-03 09:18:32	38	0	0	0
31026	2013-07-03 09:18:40	38	0	0	0
31009	2013-07-03 09:31:44	38	0	0	0
31011	2013-07-03 09:32:20	38	0	0	0
31022	2013-07-03 09:32:41	38	0	0	0
31017	2013-07-03 09:44:19	38	0	0	0
31026	2013-07-03 13:51:24	38	0	0	0
31007	2013-07-03 13:57:41	38	0	0	0
31037	2013-07-03 14:32:02	38	0	0	0
31017	2013-07-03 14:55:11	38	0	0	0
31011	2013-07-03 15:04:43	38	0	0	0
31018	2013-07-03 15:06:07	38	0	0	0
31020	2013-07-03 15:07:29	38	0	0	0
31023	2013-07-03 15:07:41	38	0	0	0
31014	2013-07-03 15:17:41	38	0	0	0
31032	2013-07-03 15:23:38	38	0	0	0
31038	2013-07-03 16:33:08	38	0	0	0
31035	2013-07-03 16:33:16	38	0	0	0
31035	2013-07-03 16:33:23	38	0	0	0
31035	2013-07-03 16:33:33	38	0	0	0
31026	2013-07-03 16:33:40	38	0	0	0
31035	2013-07-03 16:34:15	38	0	0	0
31002	2013-07-03 16:35:37	38	0	0	0
31004	2013-07-03 16:36:32	38	0	0	0
31016	2013-07-03 17:40:32	38	0	0	0
31033	2013-07-03 17:48:04	38	0	0	0
31036	2013-07-03 17:48:11	38	0	0	0
31002	2013-07-04 07:28:51	38	0	0	0
31033	2013-07-04 07:44:33	38	0	0	0
31004	2013-07-04 07:49:19	38	0	0	0
31014	2013-07-04 07:53:03	38	0	0	0
31020	2013-07-04 07:55:10	38	0	0	0
31027	2013-07-04 07:59:19	38	0	0	0
31037	2013-07-04 08:18:21	38	0	0	0
31011	2013-07-04 08:21:01	38	0	0	0
31023	2013-07-04 08:28:22	38	0	0	0
31038	2013-07-04 08:37:17	38	0	0	0
31035	2013-07-04 08:46:39	38	0	0	0
31022	2013-07-04 08:50:51	38	0	0	0
31018	2013-07-04 08:55:40	38	0	0	0
31032	2013-07-04 09:13:53	38	0	0	0
31015	2013-07-04 09:18:02	38	0	0	0
31021	2013-07-04 09:26:28	38	0	0	0
31007	2013-07-04 10:57:44	38	0	0	0
